               0
               0
               0
               6
             166
           -5735
           -2425
            5274
            -781
            2704
            5778
           -5833
               2
            2173
            -170
            6772
            1848
             596
           -1645
            5193
            6830
            7761
           -3031
            1951
           -1714
           -3587
           -9743
            4719
           -1403
            5984
           -3749
           -4225
           -7697
           -5244
           -4781
             890
            7534
           -7252
          -10382
          -10756
            6881
           -1169
            8091
           -1004
           -9630
           -4180
            4247
           -9346
            7844
            5208
            3224
           -3301
            7200
            4622
           -8891
           -7813
           -5404
            7026
            8659
            2589
           -3200
            2984
            1298
            8839
            4585
           -9200
           -7492
           -9584
            1879
           -5109
           -1833
           10106
            4218
            4363
            7704
           -1487
           10310
           -8555
           -3752
            4027
            1445
            2760
          -10077
            1278
           -3450
           -1514
            1208
            9453
           -7330
            8491
          -10331
           10071
          -10176
           -8367
           -9553
           -9310
          -10378
            7554
           -7638
            8635
            8410
            9523
            2608
            7693
           -9066
           -3940
           10054
            7684
           10196
            4377
           -1702
           10042
           -8527
           -3222
            2295
           -3485
           -9192
           -3323
            3935
            4159
           -9173
            7686
           -2709
           -1493
            3377
            9066
           -3316
           -9876
            9921
           -9201
            9677
            8957
            8589
           -9554
           10124
            8021
           -8523
           -8093
            9964
            3631
            3863
           -9023
            2436
            9673
            3675
           -9190
            2085
           -9256
            7870
           -4463
           -9220
           -3435
           -9403
           -4003
           -3654
           -8598
           -7627
            8562
           -2812
            3409
            2452
           -9058
            4046
            1905
            2070
           -8016
            4120
            3263
            8839
            2218
            8722
           -2724
            3255
            9373
            9682
            3190
            2103
           -2546
           -8386
           -8275
           -8663
           -3585
            2837
            3839
            3034
            9981
            8116
            3176
            2935
           -8828
           -8318
            9138
           -8856
            8665
            1945
           -8480
            8410
           -3728
           -8348
            3669
            8316
            9140
           -8544
            2487
           -8758
           -3437
           -8399
            8833
            9179
            2311
           -2324
            9100
            9033
           -2831
           -9154
           -3154
           -8293
            3328
            2666
           -9300
           -3013
           -3362
           -3717
           -3248
           -8519
            9264
           -4087
           -8744
           -8381
            8894
           -3058
            3714
            9129
            8320
           -3476
            2582
           -9270
            3058
            3077
            3456
            9177
            7964
           -9559
           -8834
           -9551
           -9082
           -8068
            8862
            7875
           -9063
           -2939
           -3241
           -9138
           -2915
           -2672
            3131
            8836
           -8885
           -2397
            2847
           -3184
           -3179
           -8540
            8979
           -3745
           -8753
            3375
           -2897
            9683
            8838
            8376
           -8654
            9647
            8680
            3090
            8689
           -9140
            3127
           -9275
            3030
           -8885
            8895
           -9244
            3578
            3070
            8732
            2512
           -8675
            3251
           -3121
            3199
            8639
           -8923
            9273
           -3639
           -8678
           -2233
            9110
            8310
           -3197
           -2534
            2743
           -3508
           -8886
           -3165
           -9331
           -3034
           -9042
           -8200
            9334
            2598
           -2924
            3441
            2771
            2288
           -9340
           -8422
            2826
           -8836
            9161
           -3705
           -8561
            3600
            3362
            9209
            8729
           -2744
            8661
           -9594
           -8799
           -9230
           -8980
           -8797
           -2428
            8501
           -9589
           -8861
           -8686
            3556
            8770
            2495
           -9000
           -2601
           -2756
            8835
           -3047
            3327
            8633
           -2849
            9462
            8925
            8411
           -3366
           -8734
            3005
           -8836
            3323
            2262
           -9098
           -2200
            9369
            8929
            8620
           -3585
           -9172
           -9239
           -8459
            2407
           -9226
           -2404
            8862
            2546
           -3343
           -8768
            3768
            2747
            9084
            2716
           -2760
           -3207
           -3598
           -8974
           -3067
           -9523
           -8790
           -8890
            8748
           -3497
            8509
           -9070
            3291
           -3051
            8764
           -3635
           -2936
            8822
           -9362
            3470
           -8561
            3930
            8930
           -3046
           -3543
           -9253
           -8648
            3000
            8522
           -3486
            2932
           -3214
           -2334
            9447
            8966
            3037
           -8448
            9784
            2463
            8969
           -3615
           -2661
            2723
           -9040
            9341
            8459
           -3195
            9298
           -3324
           -9019
           -9263
           -8618
            8894
            3055
            8630
            2486
           -9229
           -8313
            2726
           -9093
            3500
            3060
            2882
            9302
            2286
           -3034
           -2912
            8584
            2379
           -9003
            3449
           -8903
            8465
           -9817
           -9296
           -8862
           -8574
            9404
            8713
           -3214
           -8835
            2787
           -8749
           -2831
            9037
           -3486
           -8421
           -2357
            2914
           -3119
           -2723
           -3597
           -8811
           -2528
            3033
            2811
           -8928
            8579
           -9155
           -2842
           -9582
           -3298
           -8426
            9672
            8519
            8895
            2085
           -8958
           -2068
            8821
           -3538
           -2995
           -3027
           -3060
           -8690
            3422
           -3238
           -2939
           -2258
            8750
            3258
            2917
            8945
           -3582
            3328
           -8491
            3793
            8352
           -9496
            3410
           -8949
           -3098
           -3196
            3267
            2644
            3022
            2214
           -9282
           -1961
            9190
            2289
           -9062
            3550
            3013
            3450
            3375
            3140
           -2644
           -2810
            8701
           -8712
            9249
           -9416
            9316
           -3731
           -3203
           -9225
           -2833
           -8435
            9665
            7837
           -9018
           -2722
            2245
           -9133
           -2349
            8889
           -9215
           -2193
            2847
           -8920
           -7901
            8844
            2606
            3270
            2961
            3500
            3140
            9052
            2281
           -2835
            3332
            8534
            2889
           -2955
           -9225
           -2743
            3235
           -2570
            2984
            8624
           -9561
            2792
           -8353
            9283
            8622
            2589
           -9226
            3207
           -8727
            9378
           -3020
            8678
           -8883
           -1976
            8825
           -3020
            8875
           -9629
           -8621
           -2940
           -3316
           -8919
           -2531
            8505
           -9307
           -3139
           -9241
           -9000
           -8725
           -2442
            8770
           -3359
           -2907
           -3404
           -9195
           -8650
            3510
            8491
           -2848
            3422
            8513
           -9052
            3041
           -3339
           -8419
            9039
           -3326
            3572
            8655
            2445
           -9111
           -2652
            2845
           -2924
            3106
           -3342
           -2653
            3290
            3110
            2970
            8476
           -9274
           -2441
            2717
           -9103
            2915
           -9569
           -8487
            2743
           -3664
           -9009
           -2830
            3095
           -2731
            8985
            2272
           -9244
           -2737
           -8825
            2943
           -9466
           -8611
           -3031
           -3202
           -3289
           -3298
           -9159
           -3152
           -9346
           -3035
           -9367
           -8504
            3173
           -2871
            8978
           -3620
           -8739
           -2726
            3085
           -2919
            8992
            2492
           -3281
           -3035
           -9000
           -2660
            3146
            3205
            3487
            9363
            9011
            8505
           -3457
           -8481
            9284
            2397
           -3085
           -2993
            2883
           -9053
            3364
           -2881
            9583
            8649
            3119
            9452
            9002
            8922
           -2741
            9228
            8372
           -9164
           -2847
           -3086
           -8502
            8828
           -9495
            3175
           -9325
           -3123
           -9482
           -8880
           -2682
           -2752
            9134
            2524
           -3305
           -8564
            3278
           -2782
            9220
            8628
           -2843
            8560
           -9579
           -8602
           -2918
           -3624
           -9385
           -8765
           -3348
           -9018
           -2344
            9095
            2492
            2648
           -9197
           -2843
           -2718
            3456
            8706
            2558
           -2728
            9068
            2566
            2723
           -3278
           -8979
           -3154
           -9345
           -2911
           -8412
            9254
            2505
            2461
           -9273
           -2642
           -2837
            2500
           -9579
           -8669
           -8153
            9469
            8392
           -8566
            9429
            3171
            9229
            8332
           -9242
            3161
           -9090
           -2441
            2308
           -9509
           -8640
           -3333
           -9342
           -8276
            9310
            8114
           -9066
           -2569
            2674
           -8603
            8876
           -3946
           -9131
           -8855
           -8331
            8596
           -9242
            3524
            3214
            8912
            2517
           -8666
            3370
           -3009
            8965
           -3703
           -8701
           -2566
           -2538
            8638
           -3421
           -2982
           -2893
            3124
            2855
            2942
            3219
            2875
            2848
           -3335
           -8680
            3346
            2774
            2952
           -2595
            9526
            8584
            2673
           -8378
            9579
            8032
           -9301
           -2549
           -2943
           -2367
            8918
            2550
           -2709
            9079
            2723
            3365
            3101
            8391
           -9033
           -1982
            9028
            2253
           -8845
           -2515
            3339
            9067
            8202
           -9734
           -8664
           -8538
            3642
            8669
            2257
           -9440
           -8743
           -3241
           -8822
            3614
            3117
            8409
           -9056
            2864
           -9369
           -8013
            9489
            8307
           -8878
            3584
            3276
            9225
            8528
            2513
           -9181
           -2810
           -3362
           -3531
           -9386
           -9185
           -8770
           -2722
            3403
            9153
            8214
           -9531
           -8820
           -8914
           -3119
           -9312
           -8708
           -2415
            9013
            2773
            2715
           -8916
            3242
           -3552
           -9065
           -3088
           -3372
           -8801
            3163
           -3539
           -9152
           -3039
           -9212
           -8570
            3435
            3198
            8468
           -3595
           -8420
            9047
           -3354
            3743
            9118
            8938
            3401
            9229
            8360
           -9248
            3276
           -8865
            9071
           -8875
            9184
           -3692
           -8763
           -2141
            9113
            2446
           -3303
           -2998
           -8926
            2976
           -3718
           -9034
           -3122
           -8678
            9178
            2754
            2752
           -2826
            3360
            2770
            2637
           -8435
            9226
            2467
           -3078
           -2867
           -3221
           -3024
           -2972
           -2571
            3374
            9119
            8682
            2910
           -2725
            9086
            2632
            2826
           -2595
            9422
            2705
            8482
           -8872
            3696
            3018
            9228
            3046
            9405
            8427
           -3546
           -3381
           -8972
           -8064
            9164
            2515
           -3219
           -2931
            2625
           -8814
            3003
           -3445
           -8464
            9370
            2543
            2405
           -8944
           -2611
            3152
            3304
            8740
           -2996
            9275
            2433
           -2470
            8739
           -3729
           -8194
            9137
           -3253
            3411
            8388
           -8895
            8986
           -9231
            3508
            2308
           -9435
           -9059
           -9137
           -8994
           -8438
            3390
            2603
           -2840
            8676
           -8974
            3875
            8787
            2588
           -3257
           -8218
            9136
            1969
           -9201
           -8114
            9546
            8819
            8751
            2980
            3080
            3441
            9134
            2862
            8777
           -2806
            8907
           -3267
            3142
           -3047
            3236
            8589
           -8660
            9634
            2732
            2935
            2528
           -8578
            3746
            9035
            9042
            8467
           -9008
            3821
            8460
           -3529
           -8547
            8748
           -9816
           -8249
            2998
           -2547
            9533
            8798
            3210
            9293
            8741
            2954
            8825
           -3379
           -2511
            3089
           -3174
            2839
           -9005
            3103
           -9048
            8821
           -9410
           -2333
            8291
           -9790
           -8807
           -9028
           -8468
            9013
           -3606
           -8603
            3545
            9131
            8642
           -3101
            2834
           -8922
            3364
            2543
           -8769
            3675
            8901
            2910
            8600
           -9294
            3076
           -9510
           -2797
           -8510
            9127
           -2809
            9691
            9086
            8779
            2746
           -2893
           -2596
            8816
           -9149
            3210
           -3548
           -3156
           -8920
            3136
           -8947
            9524
            3079
            9097
            2488
           -3078
           -2701
            3629
            9019
            8629
           -8733
            8841
           -9616
           -2825
           -3358
           -3243
           -8720
            2733
           -9244
           -2253
            3315
            8667
           -8971
            3563
           -2886
            9197
            2137
           -9221
           -8575
            2896
           -2997
            2756
           -3520
           -8758
           -2485
            9101
            2773
            2641
           -8923
            3090
           -3256
            3183
           -2948
            8758
           -9159
            3787
            9076
            2966
            9026
            2334
           -8571
            3553
            2777
            2836
           -3124
           -2770
            3234
            2608
           -3319
           -8793
           -3113
           -3480
           -8864
           -2764
           -2835
            3118
            8434
           -9312
           -8016
            9253
            2659
            3028
            2423
           -9332
           -8881
           -2765
           -2478
            9067
            2785
           -2619
            8897
           -9109
            9148
           -3304
            3354
            2906
           -2760
            3359
            8502
           -3183
           -2264
            9249
            8313
           -8734
            9402
           -2796
            9406
            8488
            2539
           -3076
           -3216
           -3331
           -8931
           -2388
            8988
            8318
           -9193
           -2563
           -3139
           -2636
            9029
            2427
           -8582
            3896
            8978
            2550
            2793
           -8704
            9271
            2176
           -3290
           -9111
           -9191
           -9030
           -2900
           -2893
            2561
           -9623
           -8919
           -8658
            2526
           -9525
           -9019
           -8479
            3084
           -3085
            2813
           -3478
           -3277
           -9429
           -8510
           -2396
            8989
            3221
            9106
            8480
           -3148
           -2629
            8692
           -9567
           -2921
           -3408
           -8715
            8713
           -9420
            3253
           -3524
           -8365
            8548
           -9659
           -8432
            3268
           -2774
            9293
            2320
           -3406
           -8897
            2735
           -9602
           -8617
           -2345
            8757
           -3191
            2747
           -9038
            3185
           -2706
            9167
            2682
            2578
           -9112
           -2810
            2637
           -8932
            9014
           -9227
            2971
           -9560
           -8500
            2974
           -3101
            2830
           -3386
           -2861
           -2824
            8936
           -8866
            9623
            8160
           -3150
           -8431
            8944
           -3477
           -2805
            2808
           -8713
            3501
            8862
            2245
           -9017
           -2602
            3125
            9177
            2915
            8816
           -9070
            3107
           -3490
           -2779
           -2719
            8789
           -3485
           -8822
           -2763
            2903
           -2833
            9315
            2784
            8577
           -9051
            3486
            2769
            2817
           -2557
            9235
            2755
            2851
           -2691
            9642
            8725
            8869
           -2646
            9091
            2739
           -2949
            3083
           -2908
            9326
            3201
            9463
            8909
            2974
            2429
           -9330
           -8394
            9255
            3091
            9017
            2321
           -8766
            3158
           -3116
            3356
            8467
           -8867
            9624
            8248
           -3461
           -8524
            3762
            9008
            8599
           -2879
            3085
           -3279
            3060
           -8761
            9309
            2343
           -8855
            3228
           -3339
           -8864
            2878
           -3406
           -9081
           -2822
           -2972
            2818
           -2911
            3352
            2793
           -2770
            8668
           -9518
           -8647
           -2539
            8987
            2951
            8749
           -3528
           -2786
           -2843
            3252
            8451
           -9425
           -2985
           -8990
           -2745
            2690
           -9038
            3328
            2529
           -3096
            2761
           -3535
           -8746
           -2242
            9053
            8000
           -9263
           -8006
            9481
            8630
            2731
           -2985
           -2812
           -2856
            3385
            9075
            9077
            9096
            8878
           -2697
            8828
           -3726
           -8057
            9523
            8267
           -3564
           -8246
            9529
            8912
            9118
            8576
           -8890
            9326
           -3391
            2886
           -8714
            9420
            7922
           -9513
           -7936
            9224
            7926
           -9556
           -8382
           -2645
            2919
           -2920
            3159
           -2813
            8985
           -3082
            8589
           -9696
           -8033
            8714
           -9426
           -2368
            2992
           -3043
            3417
            8749
            2189
           -9099
           -8461
            3069
           -3399
           -8265
            9468
            3095
            8879
            2257
           -3332
           -8368
            9497
            8570
            2772
           -2715
            3209
            2298
           -8943
           -2167
            3564
            9140
            3186
            9219
            2950
            3671
            9215
            9107
            9088
            8501
           -2859
            3347
            2893
            2917
           -2590
            8671
           -9723
           -8902
           -9240
           -9097
           -8699
            3025
           -3310
            2581
           -9530
           -8134
            9114
            1978
           -9332
           -8556
           -2201
            8928
            2567
            2696
           -8883
            3335
           -3389
           -3052
           -8773
            3305
           -3350
            2706
           -8658
            9360
            2025
           -9462
           -9021
           -8307
            3490
            8261
           -9303
           -2558
           -3081
            2354
           -9738
           -9075
           -9245
           -8714
           -2985
           -3315
           -8739
            2863
           -8896
            3376
            2951
            3203
            2999
            3119
            8332
           -9049
            3436
            2275
           -8838
            3825
            9078
            8171
           -8593
            9026
           -3613
           -2237
            9188
            2878
            9225
            2772
            3278
            8939
            2884
            3553
            9030
            3229
            9268
            9055
            8907
            8850
           -2869
            8924
           -3481
           -8201
            9138
           -3346
            3600
            8532
           -3136
            3173
            2808
           -3088
           -2971
            2646
           -8934
            3457
            3228
            8955
           -3001
            8907
           -3238
            3646
            8793
            2357
           -8676
            3692
            8231
           -9534
           -2936
           -8495
            9431
            3076
            9141
            3051
            9196
            8529
           -2909
            9367
            2537
           -2690
            3532
            8607
           -2923
            9177
            2500
           -2730
            2854
           -3456
           -9304
           -8697
           -2892
           -2861
            2742
           -3607
           -8963
           -3048
           -9200
           -8811
            2920
           -9275
           -2483
            3118
            3017
            8439
           -9609
           -8306
            3093
            2585
           -8469
            9779
            8631
            2266
           -9246
           -8206
            8791
           -8923
            9316
            2658
           -2436
            9508
            9066
            9232
            8903
            8833
           -3193
            2673
           -9485
           -8626
            2712
           -9317
           -3147
           -8892
           -2427
            3379
            8517
           -3470
           -8523
            3131
           -8647
            9400
            2662
            2938
           -2968
            8750
           -9225
           -2095
            8933
            2348
           -9225
           -8690
           -2830
           -2853
           -2530
            9492
            8870
            8842
            8232
           -9038
           -2584
            2720
           -9433
           -2755
           -9018
            3224
           -2854
            8753
           -9141
            3655
            3083
            9128
            8142
           -9448
           -8073
            8711
           -3589
           -8234
            9119
            2548
           -2676
            9125
           -3103
            3241
           -2683
            9068
            2982
            3177
            8751
           -3602
           -3160
           -9061
           -3059
           -9082
            3032
           -8861
            9419
            8455
           -2848
            9208
           -3270
            3192
           -3378
           -2898
           -8645
            8964
           -3646
           -3148
           -8828
           -2613
            8471
           -9029
            3137
           -3525
           -8447
            3546
            9077
            8975
            9110
            8551
           -8770
            9803
            8792
            9095
            8409
           -3336
           -8147
            9263
            8265
           -3352
           -8342
            8722
           -9590
           -8076
            9360
            2751
            3011
            2665
           -8777
            3731
            9030
            8651
           -3113
            2777
           -8933
            3255
           -3336
            2681
           -9273
           -2588
            2588
           -8939
            3380
            3186
            8754
           -2999
            3193
           -2923
            2943
           -3367
           -8754
            8586
           -9798
           -8789
           -3328
           -9254
           -2911
           -8452
            9398
            2854
            9188
            8696
            3014
            3515
            9297
            8988
            2781
            2579
           -8580
            3870
            9079
            8888
            8854
            3052
            9023
            2581
           -8644
            9124
           -3524
           -2935
           -3197
           -3169
           -8368
            9094
            2725
           -2710
            8681
           -9671
           -8610
           -2703
            3019
           -2778
            3431
            9210
            8764
            2885
           -2616
            8800
           -9322
            3317
           -3425
           -3104
           -3141
           -8584
            3428
            2833
           -2901
            2765
           -8852
            9360
            2578
            2869
           -3156
           -2963
            2616
           -9395
           -8671
            3090
           -2792
            9184
            2570
           -8405
            9506
            8407
           -3300
           -2421
            9197
            2353
           -3089
           -2657
            8837
           -3265
           -2335
            9149
            8403
           -3108
           -2416
            9015
            2300
           -9093
           -3023
           -3254
           -8911
            3100
           -9117
            3193
           -3558
           -8341
            9350
            8189
           -3375
           -9118
           -8992
           -3015
           -3232
           -3085
            2538
           -9277
           -2282
            3096
            8776
           -2871
            3679
            8980
            2770
            2953
           -8609
            9493
            2394
           -2902
           -2680
            8580
           -9507
           -8370
            8715
           -9279
            9094
           -9099
            8985
           -9272
            8837
           -9501
           -2388
            3428
            9009
            8834
           -2891
            9024
           -3268
           -2253
            9352
            8294
           -9147
           -8303
            9071
           -3251
            3788
            9160
            8905
            9073
            3007
            3195
            2930
            3136
            2658
           -3456
           -8730
           -2638
            3384
            8550
           -3041
            3266
            3333
            8961
            3107
            8595
           -8796
            3752
            8490
           -3434
           -8477
            3384
           -2983
            8635
           -9300
            2985
           -9309
           -2957
           -8941
           -2261
            9110
            8252
           -9563
           -9015
           -8720
           -2307
            8810
            2264
           -9011
            2908
           -9579
           -8957
           -3084
           -8549
            9275
            2614
           -2533
            9035
           -3265
            2935
           -3337
           -8648
            2769
           -8966
           -2426
            8541
           -8871
            3447
            8368
           -9430
           -2533
           -2781
            8748
           -3442
            2902
           -9214
           -8351
            3273
            8598
           -3256
           -2627
            8669
           -9294
           -2321
            3430
            8938
            8287
           -9152
           -8268
            8660
           -9391
           -2635
            2639
           -3348
           -2796
            2757
           -8693
            3778
            8396
           -3392
           -8302
            9665
            8745
            8642
           -3116
            3465
            3186
            8309
           -9299
           -2441
            8600
           -9272
            3050
           -9376
           -2740
            2418
           -9269
           -2513
            3108
            2475
           -8829
           -2459
            8522
           -8950
            3499
            2887
            2900
           -2910
            3206
           -3183
            2853
           -8966
            3403
           -2761
            8867
           -3686
           -8463
            3001
           -3258
            2859
           -8751
            9402
            2444
           -2860
            3513
            8814
            2800
           -3093
            2814
           -9225
           -3198
           -9363
           -8593
            3093
           -3235
           -2470
            9377
            9018
            8434
           -3496
           -9129
           -8633
            3479
            8823
            8461
           -3129
           -3048
           -2956
           -2675
            9113
            2343
           -8823
           -2085
            9215
            8196
           -9043
            3086
           -8992
            3095
           -9366
           -2710
            2758
           -3549
           -8795
            3317
            3025
            2870
            2665
           -3217
           -8771
            2865
           -3461
           -8669
            8794
           -3799
           -8804
           -2712
            2699
           -8834
            9413
            2045
           -9213
           -8601
           -2850
           -2947
            2689
           -8756
            3549
            2974
            8743
            2416
           -8830
           -2477
            3050
            2331
           -8924
           -2571
            3291
            8769
           -3373
           -2238
            9192
            2340
           -3008
           -2497
            9264
            8006
           -9343
           -2441
            3421
            8568
           -3402
           -2246
            8735
           -3851
           -8539
            3526
            8654
           -3445
           -3048
           -8888
            3113
           -2926
            3682
            8960
            8203
           -8719
            9655
            2557
            2868
           -3468
           -8404
            3702
            8754
            2427
           -8997
            3000
           -9795
           -8723
           -8706
            2741
           -8646
            9273
            2569
            3034
           -2935
            3566
            8793
           -2802
            9264
           -2983
            8818
           -3434
           -2478
            3458
            8722
            2783
           -2764
            2979
           -2841
            8678
           -3762
           -8901
           -2987
           -3415
           -9285
           -8947
           -8535
            9155
           -3053
            9085
           -3113
            8667
           -9692
           -8937
           -8485
            3381
            8552
           -8959
            3362
            2462
           -9141
           -8421
            3149
            2585
            2760
           -8938
            3040
           -3642
           -8625
            3584
            9011
            9051
            8536
           -9226
           -2295
            3014
            3100
            8686
           -3623
           -9005
           -8765
           -8172
            9607
            8684
            8409
           -8834
            3407
            2817
            3015
            8416
           -9167
           -2553
           -3175
           -3068
           -2885
            3265
            2610
           -3059
           -2446
            8864
           -8871
            9523
            2876
            9208
            8428
           -2936
            3243
            2693
           -2772
            8889
           -8894
            8869
           -9260
            3532
            8547
           -8940
            9607
            2885
            8854
           -2923
            8949
           -9120
            2846
           -9553
           -7977
            9038
            2052
           -8842
            3347
            2683
            2535
           -8408
            9418
            1948
           -8837
           -2426
            3329
            3209
            8367
           -8960
            3305
            2545
           -8565
            8734
           -9633
           -8474
            3440
            3283
            9219
            8273
           -3492
           -8421
            8863
           -3558
           -2651
            3190
            8459
           -9349
           -8408
            2787
           -9522
           -3219
           -9568
           -8769
           -8379
            9505
            8175
           -3046
           -2346
            8548
           -8940
            3356
            2518
           -8617
            3568
            2642
           -3337
           -8842
           -2420
            8654
           -3186
            3151
           -2959
            3478
            8867
            8504
           -8739
            9567
            8130
           -8877
            9072
           -3736
           -8245
            8634
           -9545
           -2761
           -8569
            8624
           -9667
           -7791
            9367
            8070
           -9266
           -8177
            8704
           -9849
           -8549
           -2868
           -3126
           -3005
            2902
           -8577
            9405
            2441
            2757
           -3520
           -8449
            9389
            2903
            8732
           -3172
            3637
            8513
           -3415
           -2593
           -2648
            8725
           -3453
           -3088
           -8846
            2893
           -3628
           -8538
            3226
            2331
           -3425
           -8510
            9158
           -3597
           -2686
           -2618
            8548
           -3653
           -8431
            3455
            8202
           -9185
           -2147
            8530
           -3260
           -2245
            9346
            8696
            3328
            9240
            8296
           -3622
           -8801
           -2962
           -3256
           -3473
           -9154
           -8909
           -3077
           -8628
            8712
           -9691
           -8233
            3301
            3006
            8329
           -9610
           -8674
           -8413
            8832
           -9272
            3736
            8215
           -3906
           -8734
           -2269
            8489
           -9394
            3154
           -8913
            4020
            8734
            2322
           -3030
           -2473
            8409
           -9323
            3197
           -3146
            3283
            2362
           -8709
            9035
           -3404
            3035
           -2875
            9065
           -3138
            9073
           -3176
            3571
            9039
            8515
            2144
           -9529
           -8946
           -8428
            8834
           -9247
            9015
           -9334
           -2644
            2693
           -9103
           -2424
            8661
           -3082
            3171
           -3271
           -2806
           -2881
            2752
           -3575
           -9034
           -8724
            3192
           -2992
            8865
           -3804
           -8887
           -2812
           -2862
            2817
           -3185
           -2621
            3275
            3362
            9227
            8534
           -3047
           -2374
            8822
           -3267
            3105
           -3507
           -8746
            3210
           -3034
            8694
           -8972
            3796
            8390
           -3597
           -3106
           -8492
            3580
            8533
           -3234
            3263
            3253
            9385
            9108
            8475
           -3550
           -8993
           -8678
            3528
            3030
            8581
           -9336
           -2453
            3470
            9059
            2876
            8826
           -3143
           -2518
            8831
           -3204
           -2191
            8827
            2263
           -8731
            3442
            2357
           -3338
           -8543
            2894
           -3832
           -9211
           -8338
            3153
            2369
           -9401
           -8231
            8713
          -10017
           -9004
           -8754
           -3018
           -2737
            3080
            2866
           -2372
            9452
            8335
           -9155
            2854
           -9388
           -7987
            9386
            8248
           -3009
            2643
           -9451
           -2972
           -8928
           -2194
            9212
            8304
           -9079
            3642
            3023
            2945
            3056
            2505
           -9359
           -3031
           -9574
           -8989
           -8926
           -2954
           -8564
            3521
            8060
           -9712
           -8657
           -8596
            3129
           -3333
           -3039
           -2876
           -2801
            3330
            3070
            2958
           -2639
            8656
           -9220
            3498
            2345
           -8974
            2886
           -9528
           -8348
            3677
            9118
            8533
           -2804
            8978
           -3061
            8842
           -3761
           -8833
           -2551
            3150
            8659
            2517
           -8842
            2980
           -9191
            3076
           -3424
           -2811
            2733
           -3349
           -8584
            2945
           -3517
           -8738
            2911
           -9101
            3057
           -8921
            3436
            2293
           -9372
           -8728
           -8767
            2691
           -9661
           -8796
           -2499
            3237
            8850
            2420
           -8956
            3372
           -2706
            9185
            2540
           -8688
            3343
           -3194
            3471
            3081
            8287
           -9316
           -8302
            8974
           -3755
           -3154
           -8988
           -2621
            2789
           -3511
           -9184
           -8710
           -2690
           -2582
            8894
           -3003
            8863
           -9653
           -8812
           -2928
           -3127
           -2929
            2703
           -9028
            8941
           -9478
           -2279
            9018
            8520
           -2810
            3415
            2852
           -2826
            3114
           -3276
            2956
           -8861
            3408
            2502
           -3223
           -8998
           -3159
           -8819
            3409
            8990
            2813
            3426
            9380
            8697
            2829
            2946
            2574
           -3541
           -8834
           -2512
            8502
           -9491
           -8465
            2934
           -8675
            9663
            8878
            3222
            8935
           -3194
            2865
           -9188
           -2471
            3170
            2723
           -2692
            8801
           -9143
            3576
            2902
            8810
           -3051
            8636
           -9299
           -2306
            8737
            2435
           -8570
            3339
            2411
           -8659
            3611
            8689
            2411
           -8852
            3288
           -3252
           -2438
            9554
            9051
            9069
            9071
            2841
            3137
           -2527
            9409
            8219
           -9223
           -8163
            9552
            8551
            2755
           -8645
            9222
           -3248
            3754
            8895
            8864
           -2911
            8840
           -3207
           -2620
            2524
           -9469
           -8851
           -8529
            8806
           -3640
           -8567
            9142
           -2947
            9103
           -3269
           -2512
            8754
           -3270
            2974
           -8856
            3035
           -3573
           -8981
           -2852
           -2884
            3135
            2505
           -8856
            3632
            8198
           -9492
           -2977
           -9164
           -2822
           -8627
            9464
            8777
            3242
            8937
            2419
           -9470
           -9069
           -9103
           -8774
            3229
            3162
            9132
            3034
            9100
            8641
           -2958
            3613
            8999
            2541
           -2899
           -2742
            2728
           -3190
           -3222
           -8967
           -8314
            9344
            2799
            9154
            2625
            2874
           -3089
            3105
           -2772
            9007
           -8911
            9171
           -3886
           -8955
           -8167
            9173
            2934
            8511
           -8792
            3753
            8568
           -3267
           -2819
            2739
           -3505
           -8394
            9267
            2765
            3122
           -2669
            8632
           -9288
           -2691
           -2598
            8795
           -3466
           -2493
            8841
           -3184
            2770
           -8751
            3447
            2523
           -8923
           -2787
            2816
           -8949
            3335
           -3036
            3712
            9002
            8420
           -3186
           -8186
            9178
            2414
           -2726
            9190
            2599
           -3024
            2922
           -3482
           -3056
           -8546
            9672
            8687
            2652
           -2916
           -2664
            3354
            8427
           -9320
            3152
           -9436
           -2799
           -3283
           -8807
           -2311
            8622
           -9394
           -2675
           -2681
            8680
           -9458
           -2807
           -3108
           -8456
            8705
           -9175
            3409
            2094
           -9272
           -8676
            2519
           -9471
           -8149
            9274
            2642
            3484
            8755
           -2868
            9076
           -3475
           -2697
            2711
           -3288
           -2934
           -3208
           -8475
            8861
           -3649
           -2416
            3181
            3265
            8934
            2762
            2531
           -9196
           -2835
           -3025
            2849
           -3556
           -9025
           -8588
           -2529
            3028
            3263
            8860
            2690
            2604
           -8457
            9885
            8732
            8787
            2473
           -8522
            9067
           -3931
           -9054
           -8883
           -2611
            3311
            8820
           -3245
            3270
            3277
            9258
            8367
           -9371
           -2804
           -8936
            3271
            3025
            2992
            2841
           -3342
           -8397
            3619
            8645
           -3375
           -2758
            2774
           -8912
           -2325
            8669
           -9126
            3411
            2474
           -9363
           -3198
           -9374
           -8846
           -3238
           -8887
           -2545
            2495
           -9412
           -8621
            2800
           -9163
            2961
           -9541
           -8126
            9183
            2609
            2574
           -9367
           -7968
            9598
            8691
            2414
           -3266
           -8517
            9140
            2465
           -2299
            9346
            8482
           -3102
            2823
           -3503
           -8397
            3538
            8383
           -3338
           -8220
            9056
           -3560
           -2845
           -2758
            2729
           -8872
            9197
           -3250
            8832
           -9058
            3494
            2198
           -9388
           -8283
            9396
            2491
            3033
           -2657
            3259
            8118
           -9453
           -7908
            9411
            2618
            3208
            3057
            2851
           -3076
            2807
           -8811
            3137
           -3295
           -3142
           -8572
            3136
           -3577
           -3487
           -9341
           -8292
            3642
            9167
            8658
           -3013
            2971
           -3009
           -2210
            8952
            2008
           -9569
           -8766
           -8515
            8744
           -8930
            8669
           -9801
           -8455
            2887
           -3598
           -8731
           -2200
            8888
           -2992
            8653
           -9297
           -2636
           -3300
           -8649
            2903
           -9793
           -8949
           -8838
            2918
           -8564
            9359
            2127
           -9149
           -8060
            9103
            2647
            3489
            8822
           -2917
            9681
            8661
            8235
           -8963
            3100
           -8797
            3234
            2280
           -9562
           -8918
           -8509
            3091
           -3007
            9179
           -3005
            9430
            2905
            8562
           -3688
           -8924
           -2511
            3056
            2667
           -3239
           -8733
            3287
           -3114
            3349
            8405
           -9326
           -2402
            2746
           -3354
           -8500
            9429
            2377
           -3019
            2909
           -2947
            3661
            9037
            8715
            2320
           -9343
           -8775
           -8368
            9174
            2167
           -3078
           -8664
            8658
           -9363
           -2632
           -2856
           -2682
            8807
           -3312
            3537
            2975
            2582
           -3137
           -3228
           -8584
            3299
           -3104
            8632
           -8911
            9944
            8893
            9180
            8844
            2345
           -8771
            3650
            8801
            2978
            3128
            2854
           -2954
            3700
            9161
            8052
           -9229
           -8143
            8625
           -9565
           -2395
           -2501
            8935
            2291
           -3292
           -8518
            8538
           -9939
           -8838
           -8526
            2785
           -9279
           -2426
            2814
           -3013
           -2323
            8956
            2389
           -2846
           -2675
            8552
           -9442
           -2183
            8645
           -3379
            2903
           -9009
            3555
            2642
           -2646
            8892
           -2895
            9526
            8342
           -3434
           -8422
            8793
           -3665
           -8489
            3429
            8408
           -9327
            2784
           -9608
           -8483
            2831
           -8845
            9074
           -9511
            2969
           -9185
           -2721
            2508
           -9173
           -8297
            8806
           -9148
            3304
            2412
           -9536
           -8763
           -2680
            2643
           -3228
           -2862
           -3204
           -3149
           -8694
            8746
           -9314
            2967
           -9271
           -2501
            2577
           -3623
           -9111
           -8884
           -3009
           -2664
            3236
            2701
           -2866
            8537
           -9225
           -2189
            8790
           -3245
            3626
            9205
            8414
           -3363
           -8714
           -3020
           -3363
           -8596
            8948
           -9419
           -2904
           -9092
           -2527
            2982
            2973
            2305
           -9333
           -8706
            2835
           -9148
           -2647
           -3238
           -2710
            3260
            3152
            8745
            2428
           -8523
            9305
           -2873
            9511
            3035
            8822
           -3006
            2989
           -2974
           -2324
            9116
            2690
            2914
           -3389
           -8559
            3039
           -3279
           -8397
            9239
            2497
            2881
           -3132
           -3055
           -3025
           -3176
           -8423
            9136
           -3553
           -2397
            8487
           -9223
            3683
            3357
            9022
            8551
           -2830
            9311
            2963
            9022
            2109
           -9227
           -8594
           -2456
            3351
            9172
            9010
            8871
            2953
           -2619
            9097
           -3103
            9424
            2805
            3039
            2984
           -2908
            8735
           -9032
            9502
            2642
            3179
            3245
            8682
           -3512
           -2862
           -2797
            8949
           -3270
            3059
           -8885
            3871
            9078
            8821
            8855
           -2848
            9229
            2769
            2993
           -3082
            2720
           -9337
           -2954
           -3231
           -8741
            2749
           -8968
           -2267
            8824
            2557
           -8614
            3643
            8703
           -3271
           -3246
           -9037
           -8220
            9556
            8926
            8861
           -2985
            3098
           -3136
           -3028
           -3408
           -8893
           -2361
            3166
            9180
            2993
            8607
           -9148
            3265
            2495
           -8553
            9775
            8583
            8514
           -9171
            3253
           -3808
           -8982
           -8357
            9430
            2920
            8795
           -8836
            9068
           -3831
           -8567
            3077
           -3276
           -8229
            9362
            8562
            2289
           -9314
           -8314
            3382
            3057
            8953
            2975
            9357
            2969
            8760
           -9006
            9185
           -9444
            3396
           -2697
            9026
            2554
           -3085
           -2868
           -3226
           -3119
           -3117
           -3005
           -3191
           -8512
            3628
            9035
            8487
           -3509
           -2999
           -8898
            3138
           -9005
            8896
           -9110
            9495
            2236
           -9030
           -8571
            2991
           -3342
            2608
           -9473
           -8735
           -8736
            3049
           -3344
           -8830
            2994
           -9119
            3501
            2868
            3079
           -2439
            9460
            8434
           -3208
           -2639
            2936
           -3493
           -8722
           -2887
            2833
           -8830
            8956
           -9496
           -8165
            8891
           -3521
           -8760
            3059
           -3491
           -9172
           -3237
           -9158
           -2857
           -8906
            3041
           -9160
           -2517
           -2703
            9106
            2431
           -2731
            3060
            2375
           -9125
           -8517
            2813
           -3415
           -2741
            2852
           -3411
           -9187
           -8874
            2857
           -9011
            8748
           -9463
           -2324
            8833
           -8922
            9143
           -3322
           -2630
            2853
           -3262
           -8739
            3609
            8713
            2677
           -8528
            9649
            9069
            8961
            8818
            2647
           -8540
            9119
           -3454
           -2585
            8527
           -9021
            3455
            2524
           -9271
           -2595
           -2512
            9173
            2834
            8709
           -3494
           -8825
           -8582
            2804
           -9193
            2929
           -8853
            9513
            8440
            2823
           -2846
            3182
           -2627
            9260
            2708
            8636
           -9194
           -2256
            8985
            3038
            3355
            8450
           -9058
            3174
           -3035
            3407
            8730
            2710
           -2863
            3598
            9069
            2905
            8645
           -9147
            3720
            2891
            8599
           -8863
            9492
            8275
           -8811
            3472
            3260
            8957
            2937
            2873
           -2964
           -3009
            2549
           -9255
           -2993
           -8699
            9142
           -3372
           -2522
            9206
            2611
           -3025
            3264
           -2791
            9316
            8471
           -2887
            3086
           -3071
           -2901
            2729
           -9256
           -2494
            2789
           -8879
            3906
            9122
            8733
            2477
           -9116
           -2572
            3158
            2876
            2778
           -8938
            3354
           -3039
            3333
            8860
            2473
           -9174
           -8615
           -2937
           -3417
           -8799
           -2452
            3310
            8550
           -9025
            8915
           -9414
            2876
           -9264
           -2768
            2730
           -9009
           -2409
            8909
            2394
           -8397
            9685
            8557
           -2645
            9231
            2566
            3111
           -2636
            8998
            2460
           -3001
           -2490
            3481
            8505
           -3586
           -9108
           -9015
           -8582
            3258
            2684
            2611
           -9249
           -8918
           -3028
           -8643
            3297
            2570
           -8790
            8800
           -9082
            3844
            9042
            8629
           -3292
            2764
           -8921
            3176
           -3363
           -2585
            9254
            2748
            8815
           -3079
            3689
            8968
            2908
            3133
            2962
           -2517
            9230
            8050
           -9312
           -2393
            2409
           -9418
           -8453
            2989
           -3032
            8848
           -3492
           -3111
           -8758
            3335
            3094
            3408
            9125
            8586
           -3658
           -8637
           -2764
            2608
           -8554
            9422
            2859
            3617
            9285
            9106
            8566
           -3201
           -2317
            8731
           -3365
            3095
           -3113
            2883
           -3450
           -8506
            3086
            2276
           -9322
           -8770
           -3100
           -8627
            9771
            8964
            9065
            8850
            3099
            3297
            8229
           -9363
           -8310
            3496
            9036
            9010
            8587
           -3045
            3615
            8338
           -9638
           -8346
            2889
           -8856
            9583
            2904
            3192
            8778
           -2944
            8578
           -9336
           -2026
            8925
            2323
           -8386
            9725
            8834
            8856
            2686
           -3493
           -9051
           -3009
           -8936
           -2224
            9458
            8469
            2499
           -3422
           -8834
           -2131
            9165
            3124
            9469
            9089
            8762
            2509
           -3239
           -8405
            3524
            8503
           -2982
            8652
           -9390
            3144
           -9356
           -2722
           -2752
            2768
           -3560
           -8916
           -2609
            3288
            8705
            2536
           -2663
            8849
           -3537
           -8217
            9314
           -3223
            9075
           -2809
            9326
            2919
            8513
           -9321
           -8459
            2533
           -9337
           -8213
            8805
           -3752
           -8401
            9001
