               0
               0
               0
              -4
              36
           -1214
            3758
            9514
            -730
           -6576
           -7122
           -8658
           -9770
           -2242
             -68
           -4464
             609
            -587
           -3501
            3729
            9038
             -32
            1697
           -5670
            2735
           -4282
           -8497
            -451
           -6001
           -6356
            7429
             148
            3597
           -5877
           -8819
           -4131
           -9374
           -8011
           -7853
           -2720
             883
            3238
            2041
           -1509
           -7194
            1442
            8556
           -5900
            5345
            8823
           -1856
           -2418
           -4662
            2293
           -7383
            9306
           -6705
           -4781
           -4241
           -9212
           -3501
            2509
           -8747
             406
            2886
           -7432
            9564
           -7962
            2201
            2201
           -1184
            8142
            8223
            9414
           -9637
            8487
            7564
            -839
           -2731
            8235
           -8900
           -3508
           -7398
           -9255
           -3047
            9132
           -8839
            1189
            9994
           -3847
           -7428
            7243
           -7364
            4279
           -1884
           -1805
           -7534
          -10146
            9784
           -4198
           -4049
            1522
           -3407
          -10146
           -1719
           -8699
            7657
          -10040
            7905
            8393
            9436
            7729
            4199
           -2494
           -3318
           -2596
           -1710
           -2405
            8444
            8269
           -1675
           -9780
            3447
            9091
            2563
            1714
           -2463
           -7650
            7898
           -2094
            2106
            1761
           -3905
           -7739
            7914
           -4058
            4270
            4071
            8124
            8585
            8352
           -2061
           -8755
            8141
            8112
           -2195
           -9199
           -2144
          -10133
           -8452
           -2013
           -2867
           -2143
           -8533
           -2283
            4007
            9696
           -3988
            3555
            2427
           -3170
           -2023
            8317
           -9492
           -8542
            9970
            8351
            2472
           -3966
           -9099
           -3562
            3130
           -3206
            2537
            7970
            2465
           -8776
            9812
            9650
            9581
            3387
           -8584
           -2768
            8633
           -3392
            8108
           -9834
            3165
            2661
            3826
            3784
            2153
            3162
           -9731
           -8872
            3321
           -9716
           -2358
            3389
            2498
           -9131
            8788
            9021
           -9086
            9687
           -9165
            3723
           -9605
            8447
           -9441
            3542
           -3423
            8745
            8728
           -2490
           -2273
            9631
            2534
            2756
           -2556
           -2870
           -3043
           -8737
           -2371
            3504
            8210
           -8818
            3741
            3019
           -3220
            3368
            2688
            2150
           -9685
           -8868
           -9280
           -8669
           -8779
            3103
            2630
            2241
           -9329
           -2311
            2936
           -8665
           -2146
            8795
           -9827
           -8772
            3424
           -3014
            3110
           -2819
           -2670
            3129
           -2843
            9036
            9096
            3150
            3150
            8641
           -8933
            3582
            2340
           -3131
           -8441
            8873
           -8898
            9153
            2020
           -9173
           -2648
           -3228
           -2898
            3128
            2834
            3073
            2460
           -8881
           -2593
            2927
           -3416
           -2814
           -3210
           -3265
           -8785
            3535
            8801
            2237
           -9144
           -8573
            3011
           -2640
            9252
            8780
            3037
            2789
           -3504
           -9144
           -3015
           -8807
            3245
            2378
           -8889
            3475
            8059
           -9575
           -8848
           -3410
           -9009
           -8383
            8742
           -9068
            3868
            8684
            2230
           -8869
            3370
            2168
           -8883
           -2652
            2336
           -9371
           -8655
           -2885
           -3136
           -8897
            2899
           -9606
           -8719
            2689
           -9282
            2776
           -9390
           -2792
           -8866
            3352
            8385
           -3373
           -2955
           -8948
           -2965
           -2908
            3067
            3002
           -2645
            9450
            8948
            3065
            9092
           -2770
            9203
           -3257
            2848
           -3405
           -8898
           -2271
            9209
            8313
           -3268
           -2759
           -2845
           -2652
            3194
            2887
            8336
           -9153
            9556
            2329
            2979
            3212
           -2756
            2943
            2284
           -8536
            9208
           -3279
           -2916
           -8777
            3350
            8389
           -3601
           -2798
            2641
           -3052
            9108
            9359
            8895
            8994
           -3354
            3481
            2924
            3697
            8994
            8517
           -2792
            2443
           -9300
           -9345
           -9026
           -8602
           -8608
            9032
            2428
            2976
            9211
            3431
            8962
            2961
            2776
           -3327
           -2880
           -8852
           -8804
           -3338
           -8366
            9271
           -2756
            8943
           -3174
            3614
            8567
            3333
            3521
            8368
           -9083
           -8653
           -2903
            8720
            2569
            9340
           -2805
            9440
           -3215
            2591
           -9252
            3431
            2267
           -2851
           -2585
            8925
           -8562
            9589
            2849
            9158
            9214
            2946
            2344
           -8793
           -2721
            9416
            2522
            8574
           -3475
            2659
           -3021
           -8505
           -2761
            2513
            2817
           -9156
            8812
           -9150
           -3112
           -9617
           -8954
           -2958
           -3301
           -8771
            8843
           -3822
           -3007
           -2874
           -2608
            2797
            8815
           -9485
           -2286
            8788
            8343
           -3440
           -2105
            9342
           -2570
            9213
            1931
           -9011
           -2177
            2879
            2606
           -3274
           -3176
           -3613
           -8802
           -2901
            2637
           -8985
            9430
           -8971
            9484
           -2807
            8604
           -9521
           -9118
           -8455
            3602
            7924
           -9171
           -8503
            9161
            8439
           -2726
            9266
           -2749
            9442
            7809
           -9378
           -7975
            3473
            8190
           -3266
           -3062
           -9167
           -8975
           -8911
           -8753
            2993
            2750
           -9280
           -2024
            8443
           -2781
            3204
            2789
            2433
           -3360
           -3358
           -8266
            9420
           -3519
            3433
            8932
            2168
           -3373
           -8667
           -3541
           -9465
           -9002
           -9310
           -8731
            9507
            2605
           -2829
            2912
           -8860
            3445
           -2478
            9288
            2737
            3349
            8769
           -9250
           -8290
            8683
            2002
           -8986
           -8394
            9199
           -2579
            8999
            8453
           -9138
            9550
           -3078
           -2311
            8462
           -3329
           -3253
           -2608
           -3056
            2938
           -9710
           -8617
            3045
           -3497
           -8562
            2813
           -3662
           -8875
           -2732
            2733
           -3162
            3072
           -9021
            8848
           -9591
           -2924
           -3470
           -9025
           -2755
           -3128
           -2841
            3190
            2869
            8557
           -8890
            9101
           -9428
           -2462
            3090
           -2960
            8876
           -3592
           -8610
            3572
            8658
           -2861
            9285
           -2890
            9140
            2592
            2654
           -9186
           -8304
            8779
           -3764
           -8611
           -2350
            9078
            2766
            2507
           -9054
           -2556
            2810
           -2768
            8902
           -3006
            9602
            8940
            8800
            8405
           -9080
           -2458
            3264
            3077
            8306
           -9598
           -8993
           -8937
           -3269
           -8930
            3363
            3028
            8934
            2826
            3097
            3043
            8524
           -8988
            8813
           -9583
           -2723
           -3388
           -8843
           -2880
           -3157
            2775
           -8576
            9492
            8875
            3041
            8642
           -9030
            3286
            2464
           -3371
           -9030
           -8785
           -2764
           -2629
            3564
            8977
            8464
           -2841
            3448
            2990
            8533
           -9075
            3270
           -2942
            8780
           -8672
            9754
            8397
           -3217
           -2874
           -8513
            3377
            8470
           -9076
           -2691
            2451
           -9415
           -8491
            3490
            8148
           -9188
           -2447
            3281
            8588
            2354
           -8587
            8948
           -3572
           -8619
            2758
           -9327
           -2334
            3194
            8742
           -3077
           -2467
            8956
           -3694
           -3114
           -8430
            9321
            8132
           -8832
            9423
            2470
            2945
           -2564
            9001
           -3038
            3357
            8548
           -3264
           -2248
            9534
            9032
            9115
            9258
            8756
            2451
           -9090
           -2966
           -3234
           -8485
            3563
            8643
           -3588
           -3253
           -9199
           -8266
            3494
            8538
           -3263
           -2144
            9542
            9121
            9018
            8801
            8627
           -8836
            9441
            2378
            2603
           -8317
            9701
            8836
            8309
           -9115
           -2036
            8775
           -3747
           -8906
           -8548
           -2703
            3129
            8719
           -3209
           -2289
            9533
            8668
            2337
           -8682
            3745
            8377
           -9562
           -2698
           -8789
            3433
            3090
            9212
            8740
            2460
           -8426
            9359
            3041
            9539
            8915
            8470
           -9214
            2970
           -9473
           -8744
           -3326
           -9197
           -8488
            8801
           -8990
            9380
            2395
           -2956
           -2971
           -2888
            2912
           -2924
            2943
            2404
           -9065
           -2814
           -2837
            2891
           -8564
            9552
            2775
            8569
           -9556
           -3028
           -9279
           -8756
           -2489
            8675
           -3379
           -2405
            9562
            8972
            8795
            3230
            9519
            8962
            8900
            2641
            2633
           -8478
            9318
           -3208
            3057
           -3241
            2728
           -8890
            3030
           -9089
           -1988
            9071
            8256
           -8808
            9451
            2226
           -8613
            3923
            8888
            8728
            3255
            8884
           -2928
            3572
            8654
           -8815
            8987
           -3828
           -8995
           -8801
           -2970
           -8762
            2946
           -9091
           -2261
            8894
            2639
            3297
            3282
            3440
            9022
            3013
            3061
            2889
            2641
           -9132
           -2822
           -8419
            9124
            2102
           -9130
           -8666
           -2757
           -2440
            8886
            2441
           -8333
            9375
            2594
           -2586
            3301
            8256
           -9689
           -8579
           -2890
           -3438
           -8704
            3087
           -3121
            3308
            8538
           -3087
           -2371
            8396
           -9365
           -2886
           -3345
           -9233
           -8298
            9120
           -2773
            9510
            8190
           -3403
           -8363
            8835
           -9419
           -2891
           -8636
            3773
            9063
            8732
            8650
           -8761
            9401
           -3121
            8978
           -3368
           -2551
            8768
           -9239
            3621
            3026
            8583
           -8946
            3699
            3024
            8470
           -9352
           -2686
           -2906
            8416
           -9530
           -8375
            3540
            8467
           -3535
           -8025
            9463
            8204
           -9469
           -2675
           -8704
            8754
           -9077
            8975
           -4054
           -8872
           -8059
            9537
            8585
           -3015
            8590
           -9496
           -8136
            8639
           -9919
           -8462
           -2518
            8331
           -9534
           -2710
           -8669
            8889
           -9297
           -2187
            8563
           -3801
           -8591
            2823
           -8928
            9050
           -9075
            8868
           -9581
           -2180
            3105
            3194
            8801
           -3537
           -2952
           -2599
            3136
            2876
            2971
           -2713
            3478
            3451
            9460
            8951
            8915
            2827
            2974
           -3289
           -2524
            3340
            8670
           -2838
            9125
           -3631
           -2934
           -2890
           -2902
           -3305
           -3367
           -8975
            2924
           -8831
            9162
           -2792
            9443
            8406
           -8713
            9469
            1989
           -9371
           -8852
           -8552
            3477
            9185
            8528
            2557
           -2967
           -2531
            8874
           -3630
           -8389
            9024
            2073
           -8592
            3356
            2328
           -3366
           -8605
           -2351
            8491
           -9152
            8964
           -9546
           -2511
           -3076
           -3208
           -3537
           -9303
           -8581
            3020
           -2685
            9433
            8405
           -2950
            3269
            2973
           -2603
            9056
            2901
            3083
            3270
            8939
            2248
           -8947
            3164
           -2660
            9126
            8134
           -9184
           -8153
            9078
            2485
            2893
           -3176
           -2713
            2707
           -8836
            3255
            2633
           -3319
           -3097
           -3435
           -8714
           -2386
            8488
           -3634
           -8816
            3123
           -8730
            9422
            8235
           -3128
            3306
            3089
            3317
            8837
            3069
            3382
            8933
            2655
            2689
           -8625
            8852
           -3590
           -8870
           -2950
           -9113
           -2672
           -2621
            9087
            2962
            9013
            8378
           -9630
           -8542
           -8331
            8993
            2283
           -8650
            9520
            2836
            9418
            9034
            9024
            9156
            8702
           -2792
            8912
           -3201
            3280
            2904
            8686
           -8845
            9442
            2480
           -2765
            8776
           -3434
           -8463
            3250
            2170
           -9383
           -8524
           -2401
            9030
            3022
            8796
           -2978
            8687
           -9285
            3002
           -8747
            9633
            8369
           -3115
            3173
           -2887
            8802
           -9119
            3186
           -3407
           -8759
            8902
           -8912
            9535
            2371
           -3151
           -8690
            3277
            3233
            9060
            2415
           -3066
           -2715
            3054
           -2931
            8674
           -3640
           -8496
            3748
            8971
            8681
            2201
           -9111
           -8710
           -2523
            8500
           -9274
           -2355
            3274
            8750
           -3412
           -2857
           -2622
            3296
            3186
            2982
            8434
           -9782
           -8901
           -8775
            2794
           -9144
           -2348
            3270
            8960
            8405
           -9183
           -2880
           -8496
            9468
            8194
           -3348
           -8390
            3862
            8846
            8127
           -9114
            2858
           -9257
           -8405
            8653
           -9684
           -8111
            9346
            8392
            2536
           -3106
           -2675
            2698
           -2979
           -2683
            8724
           -9168
            8873
           -9300
            3420
            2265
           -9353
           -8484
            2924
           -8612
            9124
           -3639
           -8510
            8713
           -9657
           -2522
           -2793
            8660
           -8880
            8721
           -9815
           -8852
           -9028
           -9162
           -8448
            3121
           -2889
            8844
           -9325
            3572
           -2735
            8747
           -3675
           -8292
            3741
            8982
            8671
            2841
            2711
           -8581
            9285
           -3274
            8801
           -9551
           -2577
           -8713
            9209
           -3166
            9285
            2871
            3296
            9171
            8740
            2694
           -2436
            9152
            2307
           -8658
            3338
           -3258
            2762
           -9364
           -8450
            3037
            2450
           -8756
            3154
           -2658
            9503
            8698
            2828
           -3209
           -2773
           -2698
            8725
           -9205
            9186
           -8831
            9553
            2834
            9098
            8456
           -8924
            3107
           -9017
            2998
           -9464
           -8496
            3102
           -2951
            3215
            8830
           -2696
            9279
            2756
            2899
           -2660
            3452
            9055
            2703
            2761
           -3215
           -8499
            9291
            2426
            2566
           -9432
           -8727
           -8367
            8980
           -3654
           -8928
           -8521
            8851
           -3568
           -3058
           -8626
            3473
            8959
            8747
            2866
            8492
           -9596
           -8756
           -9031
           -9196
           -8669
           -2383
            8835
           -3208
            3509
            8698
           -2722
            9606
            8515
            2567
           -3211
           -2778
           -2422
            8952
            2496
           -2648
            9496
            8807
            8435
           -8942
            3099
           -3274
           -3025
           -8411
            9316
            8123
           -9126
           -8363
            8750
           -9272
           -2287
            3183
            8561
           -3556
           -8455
            3400
            3023
            2996
            8540
           -9490
           -8732
           -8768
            3115
           -3032
            8998
           -2948
            9133
            2661
           -2510
            8994
           -3157
            3264
           -3065
            2694
           -9132
           -3150
           -9419
           -8960
           -9017
           -3125
           -9042
           -2545
            3359
            8745
           -3513
           -2893
           -2369
            9055
            3071
            9219
            8206
           -9494
           -8963
           -9253
           -8996
           -3121
           -9123
           -8429
            3533
            8272
           -9101
            3398
            2182
           -9115
           -2881
           -9096
           -2345
            9007
            8039
           -8943
            2914
           -8932
            3887
            8912
            8996
            3244
            8741
           -2941
            9451
            2726
            2343
           -9453
           -8335
            3569
            8777
            2439
           -3072
           -3071
           -2600
            3376
            8157
           -9447
           -2521
           -3397
           -3210
           -8254
            9564
            8580
            2640
           -3270
           -8829
            2596
           -9472
           -8342
            3580
            2867
            8261
           -9850
           -8743
           -8128
            9324
            8334
           -3512
           -8731
           -2885
           -2977
           -2360
            9621
            9032
            9048
            8742
            3154
            9041
            2897
            8352
           -9508
           -2558
           -2771
            2747
           -8883
            3528
            2471
           -3517
           -9299
           -8881
           -8905
           -2669
            3044
            3045
            8418
           -3692
           -8539
            2680
           -9438
           -8442
           -2672
            2918
            2449
           -8977
           -2115
            9034
            2187
           -8787
            2659
           -9396
           -8081
            9133
           -2963
            8547
           -9644
           -8560
           -2541
            2709
           -2826
            3251
            8158
           -9456
           -2607
           -3030
           -3084
           -2405
            9409
            9044
            8782
            8313
           -8490
            9653
            2703
            3121
            2940
           -3051
            2851
           -8833
            3596
            8146
           -9483
           -2967
           -9210
           -2542
           -2546
            9401
            8383
            2539
           -8465
            9128
           -8990
            9854
            8193
           -3474
           -3117
           -8578
            8522
           -9828
           -8675
           -2925
           -2657
            8803
           -3471
            2651
           -9448
           -8303
            8923
           -9122
            3136
           -3574
           -9189
           -8736
           -2272
            8583
           -3683
           -9018
           -2879
           -8583
            9130
            2173
           -8998
           -2854
           -3339
           -9357
           -8906
           -8348
            3571
            9137
            8431
           -3225
           -2924
           -2970
           -2454
            8694
           -3900
           -8839
           -8474
            3522
            2885
            8583
           -3681
           -8508
            3790
            9032
            8211
           -9070
           -2748
           -3507
           -9189
           -8944
           -2899
           -3162
           -2631
            9028
           -3127
            8972
           -8803
            9309
           -3455
           -2528
            3374
            8465
           -3732
           -8702
           -2646
            8410
           -9131
            3102
           -3404
           -2955
           -2976
            2583
           -8816
            3209
           -3631
           -8969
           -3318
           -9096
           -8281
            3396
            8223
           -9251
            3559
           -3117
            8817
           -9218
           -2163
            9020
            2451
            2631
           -8783
            8949
           -3608
           -3013
           -8450
            8869
           -9403
            3282
           -8618
            9642
            8198
           -8932
            3301
           -3700
           -9353
           -8909
           -8712
            3181
            2433
           -3373
           -8568
            3210
            3039
            3178
            3145
            8889
            2633
           -3533
           -9088
           -8624
            3110
           -2623
            9619
            8916
            8566
           -8982
            3565
            8378
           -8766
            8977
           -9177
           -2196
            9086
            2586
            2615
           -3306
           -8741
            2974
           -3519
           -8406
            8997
           -9309
            3479
            2446
           -9175
           -2602
            2431
           -9293
           -8761
           -2744
           -2805
            8617
           -9514
           -8523
            2605
           -9125
           -2497
            2870
           -3367
           -8591
            2716
           -9362
           -8863
           -3168
           -3219
           -8730
            2857
           -9098
            2971
           -9119
            3014
           -3486
           -2855
           -2813
            2935
           -3256
           -8644
            9255
           -3460
            2868
           -9038
            3561
            3084
            8753
           -8780
            3768
            8559
           -2761
            9286
           -2783
            9480
            2791
            8749
           -9416
           -2701
           -2598
            9228
            2674
            3115
            3413
            8836
            2660
            2640
           -8793
            3239
            2650
           -2987
           -2532
            3352
            8569
           -3805
           -8887
           -8401
            8845
           -9219
            3122
           -8909
            3379
            8448
           -9113
            3160
           -9394
           -2940
           -9072
           -2691
            2503
           -9295
           -9079
           -8826
           -3049
           -8980
           -2363
            3247
            8888
           -2638
            9619
            9088
            8955
            2700
           -3086
           -2955
           -8739
            3036
           -8723
            9660
            8233
           -3694
           -9251
           -9103
           -8659
            3028
            2627
           -2832
            2914
           -3026
            3226
            2771
            2663
           -8887
            9035
           -9419
           -2675
           -2728
            2971
            2490
           -3499
           -8941
           -8392
            8942
           -3263
           -2153
            9328
            8609
            2350
           -8648
            3023
           -3513
           -9009
           -3225
           -9503
           -9049
           -8904
           -8365
            9453
            8522
            3042
            2952
           -2756
            3405
            8786
            2472
           -3152
           -8699
           -2559
            3429
            8953
            8650
            2891
           -3108
            2597
           -9001
           -2379
            8284
           -9733
           -8724
           -8488
            3291
            8658
           -2788
            9315
            2709
           -3004
            2751
           -8886
            3017
           -3334
           -8651
            3271
           -2786
            9006
           -2718
            9389
            8472
           -3028
            3499
            8650
           -8976
            3506
            8332
           -3598
           -9045
           -9056
           -8989
           -8180
            9360
            8352
           -3404
           -9069
           -8764
           -2894
           -3307
           -8786
           -2363
            8900
            2745
            2966
           -2929
            2969
           -2533
            9368
            9086
            8659
            2941
           -2641
            9611
            8795
            9039
            2794
            3028
            2902
           -2874
            8922
           -3005
            8909
           -3573
           -3244
           -8938
           -8260
            9102
           -3198
            3067
           -2737
            8754
           -3670
           -8455
            9131
            2513
            2521
           -9314
           -8396
            3170
            2490
           -8889
            9010
           -9014
            9497
           -3202
            8980
           -8999
            9206
           -9308
            3151
           -9442
           -2562
           -2442
            9413
            9089
            8678
            2493
           -9178
           -2554
           -2918
            3317
            3013
            3179
            2959
            2486
           -8673
            3387
            8325
           -3613
           -8515
            3774
            9004
            8403
           -3306
           -2949
           -8794
           -2531
            3209
            2684
            2534
           -9058
           -2364
            2976
            2679
           -3492
           -9114
           -8362
            9278
            2593
           -2858
            8911
           -9293
            3011
           -8639
            9477
            2935
            9296
            8180
           -9268
           -8689
            2840
           -9116
            3011
           -3249
           -2674
            3017
            3116
            3016
            2813
           -3167
            2614
           -9244
           -2720
            3086
           -2841
            9423
            8934
            8521
           -3193
           -2245
            9392
            8445
           -3217
            3176
           -2981
            2621
           -8793
            3738
            8389
           -3410
           -8165
            9739
            8620
            8580
           -2867
            3207
            2293
           -9278
           -8959
           -9056
           -8633
            2698
           -9307
           -2889
           -8887
            3179
            2544
           -8895
            3767
            8746
            2875
            3320
            8720
           -3034
            3144
            2491
           -9315
           -8657
           -2664
            2648
           -8834
            9451
            2635
            3121
            2634
           -3107
           -3126
           -8749
            3167
           -3145
            8728
           -9041
            3571
            3329
            9085
            8311
           -3526
           -8595
            3022
           -3123
           -2798
            8550
           -9358
            2986
           -9343
           -8454
           -2408
            9219
            8542
           -8762
            9471
            2925
            9235
            8684
            2999
            3584
            9108
            8223
           -9017
            3524
            2342
           -9322
           -8078
            9168
            8471
           -2632
            9433
            8432
            2659
           -8479
            9517
            2875
            8766
           -3416
           -8963
           -3119
           -9237
           -9156
           -8817
           -2550
            3146
            3089
            8437
           -8958
            3198
           -3719
           -8960
           -2689
            2996
           -2778
            9199
            2131
           -9248
           -8523
            3439
            9055
            3221
            9095
            8514
           -8951
            9068
           -3550
           -8291
            8643
           -9604
           -7965
            9339
            2793
            8661
           -3625
           -9272
           -8735
           -8288
            9283
            2866
            8463
           -9223
           -1884
            9082
            8119
           -8691
            9360
            2587
            2593
           -8903
           -2489
            3149
            2982
            3430
            8932
            2218
           -8716
            3043
           -9077
            2939
           -9124
            3445
            2617
            2602
           -8573
            8979
           -8767
            9461
            2407
           -8439
            9766
            8588
            2585
           -8603
            8897
           -9059
            3766
            9093
            8478
            2445
           -9079
           -2414
            2940
            2555
           -8889
            9001
           -8997
            9603
            2858
            9212
            2855
            3213
            8959
            2874
            3005
           -2982
           -2564
            2976
            2747
           -3323
           -2862
           -3073
            2958
           -8608
            8998
           -3724
           -8597
           -2871
            2563
           -9369
           -8723
           -2487
            9156
            8308
           -8860
            3494
            3069
            8632
           -3349
           -3024
           -8562
            9302
            8378
           -2744
            8797
           -9369
           -2511
            2600
           -3626
           -9354
           -9155
           -8944
           -2471
            3050
            2488
           -9552
           -9041
           -9165
           -8762
           -2451
            9406
            8748
            3016
            3179
            8485
           -8933
            3468
            2213
           -9414
           -8571
           -3015
           -3512
           -9118
           -3150
           -8977
            3035
           -3647
           -8942
           -2950
           -3101
           -8507
            9794
            8537
            8520
           -8648
            9131
           -3256
            3041
           -3027
            3672
            8926
            8520
           -3454
           -8164
            9062
           -4015
           -9164
           -8882
           -8754
           -2502
            8425
           -9651
           -8070
            8707
           -9710
           -3038
           -9129
           -8207
            9213
           -3208
            8948
           -3729
           -8864
           -2815
            2758
           -8742
            3430
            2716
            2258
           -9418
           -8337
            3398
            9049
            3134
            9132
            8191
           -9332
           -8837
           -3406
           -9340
           -8963
           -8886
           -8290
            8912
           -8980
            3531
            8225
           -9586
           -8476
            2995
           -8773
            9825
            8860
            9292
            9105
            8982
            8583
           -3276
           -3017
           -8803
            3444
            2939
            3352
            9154
            8513
           -8545
            9343
            2899
            3512
            8837
            2820
            2671
           -8724
            9220
           -3730
           -2870
           -2867
            3426
            2997
            8939
           -2890
            9371
            8646
           -2677
            8881
           -2934
            3699
            8697
           -2909
            8627
           -9330
           -2370
            3633
            9077
            8055
           -9484
           -8382
           -2809
            2668
           -3645
           -8559
            3051
           -3594
           -3165
           -8364
            9162
            2165
           -8957
           -2076
            9188
            8724
            2739
            2588
           -9467
           -8802
           -2976
           -8313
            9200
            2581
            2456
           -9228
           -8311
            8864
           -8987
            9209
           -3420
           -2563
            3278
            8452
           -8978
            3808
            8593
           -3314
            2952
           -3277
           -2544
            8911
           -3012
            9266
            2524
            2523
           -8987
            3023
           -3335
           -2507
            3074
            2987
            2547
           -9107
           -2356
            3268
            9152
            3078
            8560
           -8511
            9754
            8968
            9243
            8679
            2338
           -3547
           -8927
           -8114
            8726
           -8725
            9536
            3044
            9026
            2558
           -2467
            9671
            8859
            8988
            8286
           -8540
            9926
            8716
            9039
            3235
            9323
            8499
           -2660
            8985
           -3187
            2667
           -9569
           -9139
           -9294
           -9198
           -8875
           -8411
            3541
            2942
            8483
           -3359
           -8522
            8729
           -9524
           -2865
           -9151
           -8244
            9550
            8394
            2468
           -8762
            3370
            2607
           -3103
           -2531
            9035
            2897
            8689
           -3163
           -2574
            2852
           -3074
            2743
           -9123
           -2495
            3143
            2915
            2984
            2773
            2485
           -9080
           -2482
            3056
            2439
           -8769
            3506
            2905
            8709
           -3243
           -2731
            3407
            3231
            9341
            8563
            2353
           -9076
           -2338
            3540
            9057
            8742
            2617
           -3090
           -8540
            3226
           -3495
           -3041
           -8305
            9348
            2790
            8552
           -3333
           -8237
            9104
            2051
           -8676
            3439
            8302
           -9369
           -2863
           -9230
           -8229
            9391
            2577
            2363
           -9283
           -8358
            3457
            8516
           -8722
            9571
            7971
           -9220
            3172
           -8732
            9086
           -3216
            8505
           -9381
           -8060
            8913
           -9225
            3378
           -3033
            3591
            9047
            8109
           -8760
            3349
            2606
           -3307
           -2705
            3402
            8615
           -8731
            9905
            8709
            8776
            2806
           -2683
            3247
            8251
           -9031
            3089
           -8788
            8865
           -9299
           -2102
            8707
           -3046
            8879
           -3249
            3792
            9167
            8752
            2310
           -9015
           -2040
            9239
            3139
            9028
            2738
            2603
           -8793
            3762
            9003
            8792
            3221
            9426
            8954
            8443
           -2945
            3354
            2694
           -2666
            8978
           -2938
            3368
            8298
           -9302
            3052
           -9437
           -2779
           -3427
           -8720
            3288
            3158
            9190
            8671
           -3150
           -2628
            3247
            8204
           -9454
           -8468
            2796
           -9150
            3119
           -8910
            9355
            2430
           -3009
            3098
           -3124
            3330
            3234
            8730
           -3011
            3678
            9048
            3065
            3434
            8916
            8356
           -8749
            9401
            2182
           -3249
           -8404
            3577
            9144
            8955
            8893
            8702
           -8826
            8899
           -9237
           -2223
            8880
           -3490
           -2606
            2532
           -9133
           -2645
           -2860
            2711
           -9103
           -2685
            2359
           -9588
           -8939
           -8597
            3678
            8967
            8314
           -3247
           -8508
            3255
           -2747
            9471
            8919
            8638
           -2545
            9405
            8839
            8911
           -2822
            9508
            8767
            3143
            8987
            2517
           -8537
            9021
           -3565
           -2692
            2718
           -9104
           -2394
            9018
            8317
           -8910
            8810
           -9327
           -2405
            8294
           -9808
           -8947
           -9210
           -9153
           -8763
           -2625
            2836
           -3130
           -3204
           -3344
           -8656
            3559
            3042
            9081
            8766
            2807
            3205
            2931
            2546
           -3230
           -8527
            8841
           -9453
           -2231
            2990
            3280
            9019
            3061
            3306
            8955
            2202
           -9141
           -8520
            3460
            8872
            2585
           -2772
            3585
            8960
            3017
            3050
            2479
           -8769
            3235
            2402
           -8819
            3153
           -3075
            8914
           -2971
            9291
            3027
            8878
            2535
           -3095
            2634
           -9124
           -2778
           -8848
            3010
           -3060
            2633
           -9188
           -8434
            8689
           -3531
           -8380
            9489
            8452
           -3112
            3270
           -2831
            3174
            3187
            3227
            8683
            2444
           -9282
           -8494
           -2639
            3176
            8831
           -3008
            3423
            8756
           -3287
           -2550
            3062
            2780
            2604
           -8710
            3507
            8323
           -8659
            9800
            8421
            2564
           -3524
           -9135
           -8569
           -2801
            2883
            2806
           -2726
            9381
            8594
            2879
            3316
            9008
            8558
           -3102
           -2153
            9397
            8774
            2652
           -2685
            3353
            8591
           -2857
            9160
            2477
           -8710
            8874
           -9667
           -8525
            3024
           -2764
            9096
           -2769
            9392
            2959
            8879
           -2818
            9534
            8580
            3038
            2714
           -2955
           -2467
            8628
           -9586
           -8250
            8827
           -9608
           -2629
           -2886
           -2572
            9115
            3038
            8952
            2695
           -2633
            9430
            8833
            8767
           -3026
            8941
           -8963
            3891
            9040
            8773
            2764
            2943
           -8804
            9085
           -9038
            9750
            8638
            8689
           -8666
            9491
            3046
            8902
            2386
           -8686
            3432
            2448
           -9438
           -9114
           -9183
           -9072
           -8544
            2997
            2316
           -9113
           -3048
           -8886
           -2536
            8284
           -9338
           -7888
            9394
            8411
           -3034
            2919
           -3488
           -8377
            8798
           -8968
            3818
            8461
           -3862
           -9088
           -8481
           -2590
            8587
           -3623
           -8117
            9181
            1993
           -9197
           -8277
            9318
            2274
           -3317
           -8727
            2894
           -9403
           -8733
           -2730
           -2582
            3119
            8460
           -9054
            3312
           -3590
           -8424
            3426
            3082
            9112
            3011
            8904
           -3179
            2864
           -9421
           -8147
            9034
           -3384
            2925
           -3603
           -8585
            3504
            3082
            9117
            8432
           -3358
           -3275
           -9477
           -9013
           -8440
            9133
           -3018
            9031
           -3623
           -8474
            3610
            8200
           -9250
            3112
           -3407
           -3015
           -2697
            2949
           -2854
            9054
            2789
            3194
            8229
           -9506
           -8519
           -2352
            9071
            8352
           -3011
            2784
           -9127
           -8339
            8573
           -9730
           -8645
           -3243
           -9337
           -2942
           -8720
            3177
           -2695
            9394
            8935
            3046
            8471
           -9078
            3159
           -8606
            9433
            8301
           -3065
            3343
           -2623
            9565
            8747
            2891
            3011
            2898
            2977
            2279
           -9212
           -8356
            3206
           -3181
            3044
            2545
           -8340
            9838
            8542
            8114
           -9370
           -8015
            9339
            8596
            2474
           -8821
            3317
           -3350
           -3228
           -8851
           -2308
            8859
           -3396
           -2382
            9434
            8835
            2657
            2559
           -9295
           -8360
            3677
            9000
            9056
            8512
           -2874
            3341
            2550
           -3537
           -8865
           -8018
            9195
            7991
           -9322
           -7976
            9463
            8547
           -2802
            9594
            8248
           -3055
            3345
            2875
            2589
           -3507
           -9089
           -8678
            2768
           -9415
           -3075
           -9071
           -2099
            9346
            8842
            8274
           -3605
           -8135
            9472
            8370
            2757
           -2474
            9528
            8706
            3132
            3349
            8646
           -3102
            8725
           -9094
            9040
           -9739
           -2778
           -8875
           -2507
            3237
            3306
            8674
           -3181
           -2734
            2656
           -9615
           -8805
           -3342
           -9313
           -8294
            8441
           -9596
           -8070
            3555
            9043
            2965
            8979
            2615
           -2580
            9434
            8141
           -9042
           -1930
            8854
            1960
           -9310
           -8233
            9487
            2684
            8686
           -9042
            3533
            2617
            2393
           -8867
            3641
            8261
           -8967
            3210
           -3285
           -3260
           -9210
           -2944
           -8716
            3139
           -3456
           -3073
           -8902
            2838
           -8684
            9288
            2491
           -2727
            2815
           -3234
           -2803
            2818
           -8591
            9079
           -2942
            9502
            8633
            2716
           -2539
            9016
           -3346
           -2868
           -3134
           -2878
            2897
            2700
           -8743
            8844
           -9508
           -8079
            9505
            8182
           -8706
            9558
            2881
            8399
           -9142
           -2159
            8459
           -9332
           -1997
            9031
            2015
           -9347
           -9140
           -8895
           -8417
            3063
           -3414
           -8336
            3792
            8923
            8658
            2463
           -9017
           -2553
           -2451
            9406
            8837
            8530
           -2861
            9339
            2550
           -3074
           -2193
            8994
            2108
           -9410
           -8353
            3379
            3009
            9113
            2523
            2382
           -9178
           -2437
            2629
           -3396
           -3220
           -9109
           -3169
           -9060
           -2433
            8534
           -9194
            2910
           -8794
            3746
            8855
            2605
           -2625
            8550
           -8937
            3719
            8230
           -9389
           -2296
            2894
            2551
           -3213
           -3172
           -9374
           -8806
           -2731
           -3021
            2414
           -9129
           -8262
            8851
           -3467
            3015
           -3521
           -8199
            9094
            2544
           -2739
            8764
           -3700
           -8798
           -2524
            8872
           -3220
            8965
           -8997
            8919
           -9220
            3119
           -8944
            3648
            8548
           -3215
           -2504
            3172
            8828
           -3235
            3353
            2699
           -2694
            9154
            2503
           -3105
            2756
           -8532
            9538
            8048
           -9347
           -2795
           -8895
            3516
            3013
            3210
            8775
            2482
           -8731
            2986
           -9510
           -8505
            3376
            8403
           -3564
           -8170
            9350
            2529
           -2814
            2934
           -8876
            8818
           -9354
           -2084
            8503
           -3720
           -9046
           -8359
            8840
           -3510
           -2424
            3263
            8605
           -9014
            3775
            3058
            9368
            8798
            8685
           -2980
            9182
           -2905
            9551
            8751
            2922
            2755
           -8942
            2854
           -9259
           -2252
            8974
            2543
           -3355
           -8664
            3210
            2538
           -3265
           -8795
            2709
           -9496
           -8203
            8794
           -8924
            9781
            8107
           -3308
           -8359
            8850
           -9623
           -2638
           -3216
           -2969
            2563
           -8925
            3685
            3166
            8734
           -3417
           -3039
           -3272
           -3145
           -8943
           -2741
           -2661
            8610
           -9031
            3325
           -3169
            2847
           -3514
           -9119
           -8179
            9108
            2695
            2970
           -2757
            3682
            9136
            9046
            9068
            8959
            3153
            8889
           -2763
            8849
           -3696
           -8676
            3234
            2786
            2933
           -3062
           -2680
            3189
            3232
            8924
            3131
            9165
            8642
           -8755
            9519
            2592
           -2702
            9067
            2526
           -3322
           -8895
           -8662
            2929
           -3486
           -3185
           -2957
           -8437
            9104
            2821
            3302
            8862
            2499
           -8606
            3862
            8923
            8357
           -9005
           -2286
            3513
            8953
            8744
            2781
           -2958
            2648
           -9193
            2887
           -9003
            2969
           -8938
            3276
            2184
           -9174
           -8693
           -2772
           -2900
            3437
            8687
           -2905
            9582
            8820
            8606
           -9135
            3013
           -3441
           -8237
            9403
            2714
            3517
            9233
            8320
           -9010
           -2492
            2817
           -2751
            8543
           -9097
           -2343
            8519
           -9414
           -2242
            3166
            8438
           -9239
           -2505
           -2552
            8987
            2333
           -8930
            3265
           -2839
            3556
            8634
           -3275
            2767
           -9004
            2704
           -9510
           -7965
            9351
            8736
            8743
           -3237
           -3146
           -8882
           -2545
            3458
            8901
            2193
           -9142
           -8576
            3017
           -2864
            8755
           -3461
           -3147
           -9258
           -8995
           -8533
            3191
           -2977
            3422
            8724
           -2943
            8986
           -9042
            3562
            3315
            9156
            9020
            8624
           -3285
           -8473
            8835
           -3337
           -2380
            9104
            8350
           -3619
           -8963
           -3326
           -9102
           -8517
            9016
           -3365
            2779
           -9023
            3184
           -3218
           -2611
            9060
           -3017
            9476
            8397
           -3394
           -2906
           -8503
            9333
            8523
            3083
            3297
            9350
            8726
            3207
            8879
            2878
           -2716
            9329
            2868
            8739
           -8937
            9118
           -3101
            3541
            8560
           -3043
           -2719
            8364
           -9717
           -8568
           -2918
           -3212
           -2623
            2958
            2492
           -8964
            3662
            2899
            8529
           -8782
            3697
            8718
           -2966
            9149
            2347
           -9380
           -9033
           -8752
            3398
            3049
            9133
            8098
           -9341
           -8514
            3187
            3027
            3215
            9111
            3096
            8939
           -2949
            3209
            2795
            2612
           -9108
           -8261
            9205
           -3166
            9401
            2787
            8687
           -9317
            3108
           -8743
            9249
            2245
           -3177
           -3179
           -8357
            9199
            2824
            3479
            8781
            2896
           -2613
            8953
           -9026
            9300
           -3162
            9307
            2798
            8558
           -9463
           -8532
           -2589
            8825
            2109
           -8719
           -2498
            8460
           -9083
           -2314
            8620
           -8834
            9361
            2593
           -2700
            9323
            2864
            8921
           -2925
            3354
            8240
           -9485
           -8469
            2619
           -9228
           -2642
           -2881
           -2508
            8871
            2535
           -2689
            3343
            8713
           -2759
            8857
           -3516
           -8530
            3488
            8840
            8323
           -9453
           -8576
            2709
           -9479
           -3137
           -9220
           -8977
           -3037
           -9349
           -2940
           -9261
           -2771
           -8536
            9101
            2338
           -8879
           -2430
            2769
           -3590
           -8860
           -2868
           -8749
            3591
            8424
           -9117
            3044
           -9335
           -2438
            3441
            9089
            8388
           -3644
           -8759
           -2779
            2718
           -3103
            3151
            2388
           -9150
           -8353
            9171
            2958
            9213
            2759
            2692
           -3202
           -8817
            3288
           -3090
            2966
            2194
           -9235
           -8394
            3736
            9128
            8902
            8686
           -2612
            9331
            2962
            3314
            8932
            2722
            3106
            2984
            2874
            2709
           -8555
            9627
            8030
           -8934
            3497
            2561
           -2703
            9476
            8560
            2874
           -2921
            2923
           -2965
           -2474
            9062
            2567
            2944
           -8605
            8895
           -9250
            3581
            8325
           -9291
           -1941
            9161
            8518
           -2980
            8854
           -3436
           -2474
            8526
           -9720
           -8604
           -3001
           -3018
           -2980
            2756
           -8842
            9367
            2399
           -3183
           -2756
            3159
            8252
           -9133
           -2563
           -3222
           -2879
            2977
            2528
           -8852
            9183
           -8879
            9725
            8465
           -2771
            3575
            8296
           -9357
           -2873
           -9156
           -8737
            2868
           -8491
            9399
            7973
           -9308
           -2672
           -2603
            9172
            2294
           -3088
           -2584
            2882
           -3394
           -3060
           -2794
            3115
            8287
           -9120
           -2032
            8791
           -3484
            2903
           -8503
            9568
            2707
            2964
            2334
           -9148
           -2620
           -3105
           -2883
           -2887
           -3087
           -2699
            3420
            8622
           -3626
           -8562
            3790
            9041
            8092
           -8844
            3292
            2329
           -8901
            3163
           -3374
           -3093
           -9024
           -3238
           -9452
           -8710
           -2671
            2637
           -3659
           -9137
           -8132
            9040
           -3177
            9088
           -3318
            3379
            3103
            8957
            2555
           -8784
            3549
            2603
           -3483
           -8458
            3654
            8358
