               0
               0
               0
               0
               0
          -61425
          -28660
          173639
          265974
          -74193
         -592675
         -496377
          752157
         2820888
         4657363
         5075483
         3374014
          -84149
        -3698994
        -5377719
        -3937060
          -79876
         3911204
         5587333
         3955474
          -25573
        -3951563
        -5536851
        -3922667
          -29276
         3928755
         5597312
         3938390
          -31384
        -3933353
        -5535322
        -3944039
          -31326
         3946246
         5592535
         3918117
          -26045
        -3915272
        -5543549
        -3959983
          -19340
         3961735
         5579811
         3906432
          -10278
        -3906434
        -5562835
        -3968457
               0
         3968457
         5562835
         3906434
           10278
        -3906432
        -5579811
        -3961735
           19340
         3959983
         5543549
         3915272
           26045
        -3918117
        -5592535
        -3946246
           31326
         3944039
         5535322
         3933353
           31384
        -3938390
        -5597312
        -3928755
           29276
         3922667
         5536851
         3951563
           25573
        -3955474
        -5587333
        -3911204
           18451
         3908400
         5551358
         3964968
            9956
        -3966689
        -5571860
        -3905206
               0
         3905206
         5571860
         3966689
           -9956
        -3964968
        -5551358
        -3908400
          -18451
         3911204
         5587333
         3955474
          -25573
        -3951563
        -5536851
        -3922667
          -29276
         3928755
         5597312
         3938390
          -31384
        -3933353
        -5535322
        -3944039
          -31326
         3946246
         5592535
         3918117
          -26045
        -3915272
        -5543549
        -3959983
          -19340
         3961735
         5579811
         3906432
          -10278
        -3906434
        -5562835
        -3968457
               0
         3968457
         5562835
         3906434
           10278
        -3906432
        -5579811
        -3961735
           19340
         3959983
         5543549
         3915272
           26045
        -3918117
        -5592535
        -3946246
           31326
         3944039
         5535322
         3933353
           31384
        -3938390
        -5597312
        -3928755
           29276
         3922667
         5536851
         3951563
           25573
        -3955474
        -5587333
        -3911204
           18451
         3908400
         5551358
         3964968
            9956
        -3966689
        -5571860
        -3905206
               0
         3905206
         5571860
         3966689
           -9956
        -3964968
        -5551358
        -3908400
          -18451
         3911204
         5587333
         3955474
          -25573
        -3951563
        -5536851
        -3922667
          -29276
         3928755
         5597312
         3938390
          -31384
        -3933353
        -5535322
        -3944039
          -31326
         3946246
         5592535
         3918117
          -26045
        -3915272
        -5543549
        -3959983
          -19340
         3961735
         5579811
         3906432
          -10278
        -3906434
        -5562835
        -3968457
               0
         3968457
         5562835
         3906434
           10278
        -3906432
        -5579811
        -3961735
           19340
         3959983
         5543549
         3915272
           26045
        -3918117
        -5592535
        -3946246
           31326
         3944039
         5535322
         3933353
           31384
        -3938390
        -5597312
        -3928755
           29276
         3922667
         5536851
         3951563
           25573
        -3955474
        -5587333
        -3911204
           18451
         3908400
         5551358
         3964968
            9956
        -3966689
        -5571860
        -3905206
               0
         3905206
         5571860
         3966689
           -9956
        -3964968
        -5551358
        -3908400
          -18451
         3911204
         5587333
         3955474
          -25573
        -3951563
        -5536851
        -3922667
          -29276
         3928755
         5597312
         3938390
          -31384
        -3933353
        -5535322
        -3944039
          -31326
         3946246
         5592535
         3918117
          -26045
        -3915272
        -5543549
        -3959983
          -19340
         3961735
         5579811
         3906432
          -10278
        -3906434
        -5562835
        -3968457
               0
         3968457
         5562835
         3906434
           10278
        -3906432
        -5579811
        -3961735
           19340
         3959983
         5543549
         3915272
           26045
        -3918117
        -5592535
        -3946246
           31326
         3944039
         5535322
         3933353
           31384
        -3938390
        -5597312
        -3928755
           29276
         3922667
         5536851
         3951563
           25573
        -3955474
        -5587333
        -3911204
           18451
         3908400
         5551358
         3964968
            9956
        -3966689
        -5571860
        -3905206
               0
         3905206
         5571860
         3966689
           -9956
        -3964968
        -5551358
        -3908400
          -18451
         3911204
         5587333
         3955474
          -25573
        -3951563
        -5536851
        -3922667
          -29276
         3928755
         5597312
         3938390
          -31384
        -3933353
        -5535322
        -3944039
          -31326
         3946246
         5592535
         3918117
          -26045
        -3915272
        -5543549
        -3959983
          -19340
         3961735
         5579811
         3906432
          -10278
        -3906434
        -5562835
        -3968457
               0
         3968457
         5562835
         3906434
           10278
        -3906432
        -5579811
        -3961735
           19340
         3959983
         5543549
         3915272
           26045
        -3918117
        -5592535
        -3946246
           31326
         3944039
         5535322
         3933353
           31384
        -3938390
        -5597312
        -3928755
           29276
         3922667
         5536851
         3951563
           25573
        -3955474
        -5587333
        -3911204
           18451
         3908400
         5551358
         3964968
            9956
        -3966689
        -5571860
        -3905206
               0
         3905206
         5571860
         3966689
           -9956
        -3964968
        -5551358
        -3908400
          -18451
         3911204
         5587333
         3955474
          -25573
        -3951563
        -5536851
        -3922667
          -29276
         3928755
         5597312
         3938390
          -31384
        -3933353
        -5535322
        -3944039
          -31326
         3946246
         5592535
         3918117
          -26045
        -3915272
        -5543549
        -3959983
          -19340
         3961735
         5579811
         3906432
          -10278
        -3906434
        -5562835
        -3968457
               0
         3968457
         5562835
         3906434
           10278
        -3906432
        -5579811
        -3961735
           19340
         3959983
         5543549
         3915272
           26045
        -3918117
        -5592535
        -3946246
           31326
         3944039
         5535322
         3933353
           31384
        -3938390
        -5597312
        -3928755
           29276
         3922667
         5536851
         3951563
           25573
        -3955474
        -5587333
        -3911204
           18451
         3908400
         5551358
         3964968
            9956
        -3966689
        -5571860
        -3905206
               0
         3905206
         5571860
         3966689
           -9956
        -3964968
        -5551358
        -3908400
          -18451
         3911204
         5587333
         3955474
          -25573
        -3951563
        -5536851
        -3922667
          -29276
         3928755
         5597312
         3938390
          -31384
        -3933353
        -5535322
        -3944039
          -31326
         3946246
         5592535
         3918117
          -26045
        -3915272
        -5543549
        -3959983
          -19340
         3961735
         5579811
         3906432
          -10278
        -3906434
        -5562835
        -3968457
               0
         3968457
         5562835
         3906434
           10278
        -3906432
        -5579811
        -3961735
           19340
         3959983
         5543549
         3915272
           26045
        -3918117
        -5592535
        -3946246
           31326
         3944039
         5535322
         3933353
           31384
        -3938390
        -5597312
        -3928755
           29276
         3922667
         5536851
         3951563
           25573
        -3955474
        -5587333
        -3911204
           18451
         3908400
         5551358
         3964968
            9956
        -3966689
        -5571860
        -3905206
               0
         3905206
         5571860
         3966689
           -9956
        -3964968
        -5551358
        -3908400
          -18451
         3911204
         5587333
         3955474
          -25573
        -3951563
        -5536851
        -3922667
          -29276
         3928755
         5597312
         3938390
          -31384
        -3933353
        -5535322
        -3944039
          -31326
         3946246
         5592535
         3918117
          -26045
        -3915272
        -5543549
        -3959983
          -19340
         3961735
         5579811
         3906432
          -10278
        -3906434
        -5562835
        -3968457
               0
         3968457
         5562835
         3906434
           10278
        -3906432
        -5579811
        -3961735
           19340
         3959983
         5543549
         3915272
           26045
        -3918117
        -5592535
        -3946246
           31326
         3944039
         5535322
         3933353
           31384
        -3938390
        -5597312
        -3928755
           29276
         3922667
         5536851
         3951563
           25573
        -3955474
        -5587333
        -3911204
           18451
         3908400
         5551358
         3964968
            9956
        -3966689
        -5571860
        -3905206
               0
         3905206
         5571860
         3966689
           -9956
        -3964968
        -5551358
        -3908400
          -18451
         3911204
         5587333
         3955474
          -25573
        -3951563
        -5536851
        -3922667
          -29276
         3928755
         5597312
         3938390
          -31384
        -3933353
        -5535322
        -3944039
          -31326
         3946246
         5592535
         3918117
          -26045
        -3915272
        -5543549
        -3959983
          -19340
         3961735
         5579811
         3906432
          -10278
        -3906434
        -5562835
        -3968457
               0
         3968457
         5562835
         3906434
           10278
        -3906432
        -5579811
        -3961735
           19340
         3959983
         5543549
         3915272
           26045
        -3918117
        -5592535
        -3946246
           31326
         3944039
         5535322
         3933353
           31384
        -3938390
        -5597312
        -3928755
           29276
         3922667
         5536851
         3951563
           25573
        -3955474
        -5587333
        -3911204
           18451
         3908400
         5551358
         3964968
            9956
        -3966689
        -5571860
        -3905206
               0
         3905206
         5571860
         3966689
           -9956
        -3964968
        -5551358
        -3908400
          -18451
         3911204
         5587333
         3955474
          -25573
        -3951563
        -5536851
        -3922667
          -29276
         3928755
         5597312
         3938390
          -31384
        -3933353
        -5535322
        -3944039
          -31326
         3946246
         5592535
         3918117
          -26045
        -3915272
        -5543549
        -3959983
          -19340
         3961735
         5579811
         3906432
          -10278
        -3906434
        -5562835
        -3968457
               0
         3968457
         5562835
         3906434
           10278
        -3906432
        -5579811
        -3961735
           19340
         3959983
         5543549
         3915272
           26045
        -3918117
        -5592535
        -3946246
           31326
         3944039
         5535322
         3933353
           31384
        -3938390
        -5597312
        -3928755
           29276
         3922667
         5536851
         3951563
           25573
        -3955474
        -5587333
        -3911204
           18451
         3908400
         5551358
         3964968
            9956
        -3966689
        -5571860
        -3905206
               0
         3905206
         5571860
         3966689
           -9956
        -3964968
        -5551358
        -3908400
          -18451
         3911204
         5587333
         3955474
          -25573
        -3951563
        -5536851
        -3922667
          -29276
         3928755
         5597312
         3938390
          -31384
        -3933353
        -5535322
        -3944039
          -31326
         3946246
         5592535
         3918117
          -26045
        -3915272
        -5543549
        -3959983
          -19340
         3961735
         5579811
         3906432
          -10278
        -3906434
        -5562835
        -3968457
               0
         3968457
         5562835
         3906434
           10278
        -3906432
        -5579811
        -3961735
           19340
         3959983
         5543549
         3915272
           26045
        -3918117
        -5592535
        -3946246
           31326
         3944039
         5535322
         3933353
           31384
        -3938390
        -5597312
        -3928755
           29276
         3922667
         5536851
         3951563
           25573
        -3955474
        -5587333
        -3911204
           18451
         3908400
         5551358
         3964968
            9956
        -3966689
        -5571860
        -3905206
               0
         3905206
         5571860
         3966689
           -9956
        -3964968
        -5551358
        -3908400
          -18451
         3911204
         5587333
         3955474
          -25573
        -3951563
        -5536851
        -3922667
          -29276
         3928755
         5597312
         3938390
          -31384
        -3933353
        -5535322
        -3944039
          -31326
         3946246
         5592535
         3918117
          -26045
        -3915272
        -5543549
        -3959983
          -19340
         3961735
         5579811
         3906432
          -10278
        -3906434
        -5562835
        -3968457
               0
         3968457
         5562835
         3906434
           10278
        -3906432
        -5579811
        -3961735
           19340
         3959983
         5543549
         3915272
           26045
        -3918117
        -5592535
        -3946246
           31326
         3944039
         5535322
         3933353
           31384
        -3938390
        -5597312
        -3928755
           29276
         3922667
         5536851
         3951563
           25573
        -3955474
        -5587333
        -3911204
           18451
         3908400
         5551358
         3964968
            9956
        -3966689
        -5571860
        -3905206
               0
         3905206
         5571860
         3966689
           -9956
        -3964968
        -5551358
        -3908400
          -18451
         3911204
         5587333
         3955474
          -25573
        -3951563
        -5536851
        -3922667
          -29276
         3928755
         5597312
         3938390
          -31384
        -3933353
        -5535322
        -3944039
          -31326
         3946246
         5592535
         3918117
          -26045
        -3915272
        -5543549
        -3959983
          -19340
         3961735
         5579811
         3906432
          -10278
        -3906434
        -5562835
        -3968457
               0
         3968457
         5562835
         3906434
           10278
        -3906432
        -5579811
        -3961735
           19340
         3959983
         5543549
         3915272
           26045
        -3918117
        -5592535
        -3946246
           31326
         3944039
         5535322
         3933353
           31384
        -3938390
        -5597312
        -3928755
           29276
         3922667
         5536851
         3951563
           25573
        -3955474
        -5587333
        -3911204
           18451
         3908400
         5551358
         3964968
            9956
        -3966689
        -5571860
        -3905206
               0
         3905206
         5571860
         3966689
           -9956
        -3964968
        -5551358
        -3908400
          -18451
         3911204
         5587333
         3955474
          -25573
        -3951563
        -5536851
        -3922667
          -29276
         3928755
         5597312
         3938390
          -31384
        -3933353
        -5535322
        -3944039
          -31326
         3946246
         5592535
         3918117
          -26045
        -3915272
        -5543549
        -3959983
          -19340
         3961735
         5579811
         3906432
          -10278
        -3906434
        -5562835
        -3968457
               0
         3968457
         5562835
         3906434
           10278
        -3906432
        -5579811
        -3961735
           19340
         3959983
         5543549
         3915272
           26045
        -3918117
        -5592535
        -3946246
           31326
         3944039
         5535322
         3933353
           31384
        -3938390
        -5597312
        -3928755
           29276
         3922667
         5536851
         3951563
           25573
        -3955474
        -5587333
        -3911204
           18451
         3908400
         5551358
         3964968
            9956
        -3966689
        -5571860
        -3905206
               0
         3905206
         5571860
         3966689
           -9956
        -3964968
        -5551358
        -3908400
          -18451
         3911204
         5587333
         3955474
          -25573
        -3951563
        -5536851
        -3922667
          -29276
         3928755
         5597312
         3938390
          -31384
        -3933353
        -5535322
        -3944039
          -31326
         3946246
         5592535
         3918117
          -26045
        -3915272
        -5543549
        -3959983
          -19340
         3961735
         5579811
         3906432
          -10278
        -3906434
        -5562835
        -3968457
               0
         3968457
         5562835
         3906434
           10278
        -3906432
        -5579811
        -3961735
           19340
         3959983
         5543549
         3915272
           26045
        -3918117
        -5592535
        -3946246
           31326
         3944039
         5535322
         3933353
           31384
        -3938390
        -5597312
        -3928755
           29276
         3922667
         5536851
         3951563
           25573
        -3955474
        -5587333
        -3911204
           18451
         3908400
         5551358
         3964968
            9956
        -3966689
        -5571860
        -3905206
               0
         3905206
         5571860
         3966689
           -9956
        -3964968
        -5551358
        -3908400
          -18451
         3911204
         5587333
         3955474
          -25573
        -3951563
        -5536851
        -3922667
          -29276
         3928755
         5597312
         3938390
          -31384
        -3933353
        -5535322
        -3944039
          -31326
         3946246
         5592535
         3918117
          -26045
        -3915272
        -5543549
        -3959983
          -19340
         3961735
         5579811
         3906432
          -10278
        -3906434
        -5562835
        -3968457
               0
         3968457
         5562835
         3906434
           10278
        -3906432
        -5579811
        -3961735
           19340
         3959983
         5543549
         3915272
           26045
        -3918117
        -5592535
        -3946246
           31326
         3944039
         5535322
         3933353
           31384
        -3938390
        -5597312
        -3928755
           29276
         3922667
         5536851
         3951563
           25573
        -3955474
        -5587333
        -3911204
           18451
         3908400
         5551358
         3964968
            9956
        -3966689
        -5571860
        -3905206
               0
         3905206
         5571860
         3966689
           -9956
        -3964968
        -5551358
        -3908400
          -18451
         3911204
         5587333
         3955474
          -25573
        -3951563
        -5536851
        -3922667
          -29276
         3928755
         5597312
         3938390
          -31384
        -3933353
        -5535322
        -3944039
          -31326
         3946246
         5592535
         3918117
          -26045
        -3915272
        -5543549
        -3959983
          -19340
         3961735
         5579811
         3906432
          -10278
        -3906434
        -5562835
        -3968457
               0
         3968457
         5562835
         3906434
           10278
        -3906432
        -5579811
        -3961735
           19340
         3959983
         5543549
         3915272
           26045
        -3918117
        -5592535
        -3946246
           31326
         3944039
         5535322
         3933353
           31384
        -3938390
        -5597312
        -3928755
           29276
         3922667
         5536851
         3951563
           25573
        -3955474
        -5587333
        -3911204
           18451
         3908400
         5551358
         3964968
            9956
        -3966689
        -5571860
        -3905206
               0
         3905206
         5571860
         3966689
           -9956
        -3964968
        -5551358
        -3908400
          -18451
         3911204
         5587333
         3955474
          -25573
        -3951563
        -5536851
        -3922667
          -29276
         3928755
         5597312
         3938390
          -31384
        -3933353
        -5535322
        -3944039
          -31326
         3946246
         5592535
         3918117
          -26045
        -3915272
        -5543549
        -3959983
          -19340
         3961735
         5579811
         3906432
          -10278
        -3906434
        -5562835
        -3968457
               0
         3968457
         5562835
         3906434
           10278
        -3906432
        -5579811
        -3961735
           19340
         3959983
         5543549
         3915272
           26045
        -3918117
        -5592535
        -3946246
           31326
         3944039
         5535322
         3933353
           31384
        -3938390
        -5597312
        -3928755
           29276
         3922667
         5536851
         3951563
           25573
        -3955474
        -5587333
        -3911204
           18451
         3908400
         5551358
         3964968
            9956
        -3966689
        -5571860
        -3905206
               0
         3905206
         5571860
         3966689
           -9956
        -3964968
        -5551358
        -3908400
          -18451
         3911204
         5587333
         3955474
          -25573
        -3951563
        -5536851
        -3922667
          -29276
         3928755
         5597312
         3938390
          -31384
        -3933353
        -5535322
        -3944039
          -31326
         3946246
         5592535
         3918117
          -26045
        -3915272
        -5543549
        -3959983
          -19340
         3961735
         5579811
         3906432
          -10278
        -3906434
        -5562835
        -3968457
               0
         3968457
         5562835
         3906434
           10278
        -3906432
        -5579811
        -3961735
           19340
         3959983
         5543549
         3915272
           26045
        -3918117
        -5592535
        -3946246
           31326
         3944039
         5535322
         3933353
           31384
        -3938390
        -5597312
        -3928755
           29276
         3922667
         5536851
         3951563
           25573
        -3955474
        -5587333
        -3911204
           18451
         3908400
         5551358
         3964968
            9956
        -3966689
        -5571860
        -3905206
               0
         3905206
         5571860
         3966689
           -9956
        -3964968
        -5551358
        -3908400
          -18451
         3911204
         5587333
         3955474
          -25573
        -3951563
        -5536851
        -3922667
          -29276
         3928755
         5597312
         3938390
          -31384
        -3933353
        -5535322
        -3944039
          -31326
         3946246
         5592535
         3918117
          -26045
        -3915272
        -5543549
        -3959983
          -19340
         3961735
         5579811
         3906432
          -10278
        -3906434
        -5562835
        -3968457
               0
         3968457
         5562835
         3906434
           10278
        -3906432
        -5579811
        -3961735
           19340
         3959983
         5543549
         3915272
           26045
        -3918117
        -5592535
        -3946246
           31326
         3944039
         5535322
         3933353
           31384
        -3938390
        -5597312
        -3928755
           29276
         3922667
         5536851
         3951563
           25573
        -3955474
        -5587333
        -3911204
           18451
         3908400
         5551358
         3964968
            9956
        -3966689
        -5571860
        -3905206
               0
         3905206
         5571860
         3966689
           -9956
        -3964968
        -5551358
        -3908400
          -18451
         3911204
         5587333
         3955474
          -25573
        -3951563
        -5536851
        -3922667
          -29276
         3928755
         5597312
         3938390
          -31384
        -3933353
        -5535322
        -3944039
          -31326
         3946246
         5592535
         3918117
          -26045
        -3915272
        -5543549
        -3959983
          -19340
         3961735
         5579811
         3906432
          -10278
        -3906434
        -5562835
        -3968457
               0
         3968457
         5562835
         3906434
           10278
        -3906432
        -5579811
        -3961735
           19340
         3959983
         5543549
         3915272
           26045
        -3918117
        -5592535
        -3946246
           31326
         3944039
         5535322
         3933353
           31384
        -3938390
        -5597312
        -3928755
           29276
         3922667
         5536851
         3951563
           25573
        -3955474
        -5587333
        -3911204
           18451
         3908400
         5551358
         3964968
            9956
        -3966689
        -5571860
        -3905206
               0
         3905206
         5571860
         3966689
           -9956
        -3964968
        -5551358
        -3908400
          -18451
         3911204
         5587333
         3955474
          -25573
        -3951563
        -5536851
        -3922667
          -29276
         3928755
         5597312
         3938390
          -31384
        -3933353
        -5535322
        -3944039
          -31326
         3946246
         5592535
         3918117
          -26045
        -3915272
        -5543549
        -3959983
          -19340
         3961735
         5579811
         3906432
          -10278
        -3906434
        -5562835
        -3968457
               0
         3968457
         5562835
         3906434
           10278
        -3906432
        -5579811
        -3961735
           19340
         3959983
         5543549
         3915272
           26045
        -3918117
        -5592535
        -3946246
           31326
         3944039
         5535322
         3933353
           31384
        -3938390
        -5597312
        -3928755
           29276
         3922667
         5536851
         3951563
           25573
        -3955474
        -5587333
        -3911204
           18451
         3908400
         5551358
         3964968
            9956
        -3966689
        -5571860
        -3905206
               0
         3905206
         5571860
         3966689
           -9956
        -3964968
        -5551358
        -3908400
          -18451
         3911204
         5587333
         3955474
          -25573
        -3951563
        -5536851
        -3922667
          -29276
         3928755
         5597312
         3938390
          -31384
        -3933353
        -5535322
        -3944039
          -31326
         3946246
         5592535
         3918117
          -26045
        -3915272
        -5543549
        -3959983
          -19340
         3961735
         5579811
         3906432
          -10278
        -3906434
        -5562835
        -3968457
               0
         3968457
         5562835
         3906434
           10278
        -3906432
        -5579811
        -3961735
           19340
         3959983
         5543549
         3915272
           26045
        -3918117
        -5592535
        -3946246
           31326
         3944039
         5535322
         3933353
           31384
        -3938390
        -5597312
        -3928755
           29276
         3922667
         5536851
         3951563
           25573
        -3955474
        -5587333
        -3911204
           18451
         3908400
         5551358
         3964968
            9956
        -3966689
        -5571860
        -3905206
               0
         3905206
         5571860
         3966689
           -9956
        -3964968
        -5551358
        -3908400
          -18451
         3911204
         5587333
         3955474
          -25573
        -3951563
        -5536851
        -3922667
          -29276
         3928755
         5597312
         3938390
          -31384
        -3933353
        -5535322
        -3944039
          -31326
         3946246
         5592535
         3918117
          -26045
        -3915272
        -5543549
        -3959983
          -19340
         3961735
         5579811
         3906432
          -10278
        -3906434
        -5562835
        -3968457
               0
         3968457
         5562835
         3906434
           10278
        -3906432
        -5579811
        -3961735
           19340
         3959983
         5543549
         3915272
           26045
        -3918117
        -5592535
        -3946246
           31326
         3944039
         5535322
         3933353
           31384
        -3938390
        -5597312
        -3928755
           29276
         3922667
         5536851
         3951563
           25573
        -3955474
        -5587333
        -3911204
           18451
         3908400
         5551358
         3964968
            9956
        -3966689
        -5571860
        -3905206
               0
         3905206
         5571860
         3966689
           -9956
        -3964968
        -5551358
        -3908400
          -18451
         3911204
         5587333
         3955474
          -25573
        -3951563
        -5536851
        -3922667
          -29276
         3928755
         5597312
         3938390
          -31384
        -3933353
        -5535322
        -3944039
          -31326
         3946246
         5592535
         3918117
          -26045
        -3915272
        -5543549
        -3959983
          -19340
         3961735
         5579811
         3906432
          -10278
        -3906434
        -5562835
        -3968457
               0
         3968457
         5562835
         3906434
           10278
        -3906432
        -5579811
        -3961735
           19340
         3959983
         5543549
         3915272
           26045
        -3918117
        -5592535
        -3946246
           31326
         3944039
         5535322
         3933353
           31384
        -3938390
        -5597312
        -3928755
